"municipio","periodo_global","REM","Model","Flag","APC","Joinpoints","Final Selected Model"
"BARANOA",2,0.17,0.19,NA,37.1287*,4,4
"BARANOA",4,0.56,0.36,NA,37.1287*,4,4
"BARANOA",5,0.42,0.49,NA,37.1287*,4,4
"BARANOA",6,0.72,0.67,NA,37.1287*,4,4
"BARANOA",7,0.63,0.92,NA,37.1287*,4,4
"BARANOA",8,1.19,1.26,NA,37.1287*,4,4
"BARANOA",9,1.84,1.73,NA,37.1287*,4,4
"BARANOA",10,3.42,2.37,Joinpoint 1,NA,4,4
"BARANOA",11,2.26,2.38,NA,0.4943,4,4
"BARANOA",12,1.85,2.39,NA,0.4943,4,4
"BARANOA",13,3.59,2.40,NA,0.4943,4,4
"BARANOA",14,4.10,2.41,NA,0.4943,4,4
"BARANOA",15,2.21,2.43,NA,0.4943,4,4
"BARANOA",16,5.50,2.44,NA,0.4943,4,4
"BARANOA",17,0.81,2.45,NA,0.4943,4,4
"BARANOA",18,1.64,2.46,NA,0.4943,4,4
"BARANOA",19,1.00,2.47,NA,0.4943,4,4
"BARANOA",20,0.99,2.49,NA,0.4943,4,4
"BARANOA",21,1.97,2.50,NA,0.4943,4,4
"BARANOA",22,3.64,2.51,NA,0.4943,4,4
"BARANOA",23,6.79,2.52,NA,0.4943,4,4
"BARANOA",24,5.29,2.54,NA,0.4943,4,4
"BARANOA",25,4.28,2.55,NA,0.4943,4,4
"BARANOA",26,4.16,2.56,NA,0.4943,4,4
"BARANOA",27,3.00,2.57,NA,0.4943,4,4
"BARANOA",28,2.37,2.59,NA,0.4943,4,4
"BARANOA",29,1.51,2.60,NA,0.4943,4,4
"BARANOA",30,1.92,2.61,NA,0.4943,4,4
"BARANOA",32,0.69,2.64,NA,0.4943,4,4
"BARANOA",34,4.52,2.66,NA,0.4943,4,4
"BARANOA",35,4.27,2.68,NA,0.4943,4,4
"BARANOA",36,2.20,2.69,NA,0.4943,4,4
"BARANOA",37,2.78,2.70,NA,0.4943,4,4
"BARANOA",38,2.90,2.72,Joinpoint 2,NA,4,4
"BARANOA",39,1.74,1.47,NA,-45.9739,4,4
"BARANOA",40,0.85,0.79,NA,-45.9739,4,4
"BARANOA",41,0.28,0.43,Joinpoint 3,NA,4,4
"BARANOA",43,0.55,0.42,NA,-0.5358,4,4
"BARANOA",46,0.26,0.42,NA,-0.5358,4,4
"BARANOA",47,0.26,0.41,NA,-0.5358,4,4
"BARANOA",48,0.52,0.41,NA,-0.5358,4,4
"BARANOA",49,0.97,0.41,NA,-0.5358,4,4
"BARANOA",50,0.63,0.41,NA,-0.5358,4,4
"BARANOA",51,0.77,0.41,NA,-0.5358,4,4
"BARANOA",52,0.75,0.40,NA,-0.5358,4,4
"BARANOA",53,0.39,0.40,NA,-0.5358,4,4
"BARANOA",54,0.09,0.40,NA,-0.5358,4,4
"BARANOA",55,0.17,0.40,NA,-0.5358,4,4
"BARANOA",57,0.22,0.39,NA,-0.5358,4,4
"BARANOA",58,0.45,0.39,NA,-0.5358,4,4
"BARANOA",59,0.28,0.39,NA,-0.5358,4,4
"BARANOA",60,0.73,0.39,NA,-0.5358,4,4
"BARANOA",61,0.70,0.38,NA,-0.5358,4,4
"BARANOA",62,0.60,0.38,NA,-0.5358,4,4
"BARANOA",63,0.66,0.38,NA,-0.5358,4,4
"BARANOA",64,0.49,0.38,NA,-0.5358,4,4
"BARANOA",65,0.19,0.38,NA,-0.5358,4,4
"BARANOA",66,0.45,0.37,NA,-0.5358,4,4
"BARANOA",67,0.20,0.37,NA,-0.5358,4,4
"BARANOA",68,0.31,0.37,Joinpoint 4,NA,4,4
"BARANOA",69,0.83,0.43,NA,17.1033*,4,4
"BARANOA",70,0.45,0.51,NA,17.1033*,4,4
"BARANOA",71,0.92,0.60,NA,17.1033*,4,4
"BARANOA",72,0.29,0.70,NA,17.1033*,4,4
"BARANOA",73,0.91,0.82,NA,17.1033*,4,4
"BARANOA",74,0.75,0.96,NA,17.1033*,4,4
"BARANOA",75,1.43,1.12,NA,17.1033*,4,4
"BARANOA",76,0.69,1.31,NA,17.1033*,4,4
"BARANOA",77,2.06,1.53,NA,17.1033*,4,4
"BARANOA",78,2.54,1.80,NA,17.1033*,4,4
"CAMPO DE LA CRUZ",18,0.89,1.29,NA,-4.9155*,3,3
"CAMPO DE LA CRUZ",20,3.16,1.17,NA,-4.9155*,3,3
"CAMPO DE LA CRUZ",21,1.43,1.11,NA,-4.9155*,3,3
"CAMPO DE LA CRUZ",22,1.47,1.05,NA,-4.9155*,3,3
"CAMPO DE LA CRUZ",23,0.88,1.00,NA,-4.9155*,3,3
"CAMPO DE LA CRUZ",24,0.53,0.95,NA,-4.9155*,3,3
"CAMPO DE LA CRUZ",25,0.35,0.91,NA,-4.9155*,3,3
"CAMPO DE LA CRUZ",26,1.07,0.86,NA,-4.9155*,3,3
"CAMPO DE LA CRUZ",27,0.49,0.82,NA,-4.9155*,3,3
"CAMPO DE LA CRUZ",29,0.52,0.74,NA,-4.9155*,3,3
"CAMPO DE LA CRUZ",34,1.77,0.58,NA,-4.9155*,3,3
"CAMPO DE LA CRUZ",46,0.70,0.31,NA,-4.9155*,3,3
"CAMPO DE LA CRUZ",47,0.36,0.30,NA,-4.9155*,3,3
"CAMPO DE LA CRUZ",49,0.22,0.27,NA,-4.9155*,3,3
"CAMPO DE LA CRUZ",50,0.10,0.26,NA,-4.9155*,3,3
"CAMPO DE LA CRUZ",51,0.22,0.24,Joinpoint 1,NA,3,3
"CAMPO DE LA CRUZ",52,0.72,0.44,NA,82.1014*,3,3
"CAMPO DE LA CRUZ",53,0.36,0.81,NA,82.1014*,3,3
"CAMPO DE LA CRUZ",54,4.26,1.47,NA,82.1014*,3,3
"CAMPO DE LA CRUZ",55,2.36,2.69,NA,82.1014*,3,3
"CAMPO DE LA CRUZ",56,3.46,4.89,Joinpoint 2,NA,3,3
"CAMPO DE LA CRUZ",57,1.77,3.33,NA,-32.0029*,3,3
"CAMPO DE LA CRUZ",58,2.69,2.26,NA,-32.0029*,3,3
"CAMPO DE LA CRUZ",59,2.49,1.54,NA,-32.0029*,3,3
"CAMPO DE LA CRUZ",60,1.34,1.05,NA,-32.0029*,3,3
"CAMPO DE LA CRUZ",61,0.97,0.71,NA,-32.0029*,3,3
"CAMPO DE LA CRUZ",62,0.45,0.48,NA,-32.0029*,3,3
"CAMPO DE LA CRUZ",63,0.20,0.33,Joinpoint 3,NA,3,3
"CAMPO DE LA CRUZ",64,0.18,0.35,NA,7.1317,3,3
"CAMPO DE LA CRUZ",68,0.42,0.46,NA,7.1317,3,3
"CAMPO DE LA CRUZ",70,0.62,0.53,NA,7.1317,3,3
"CAMPO DE LA CRUZ",71,0.85,0.57,NA,7.1317,3,3
"CAMPO DE LA CRUZ",72,2.42,0.61,NA,7.1317,3,3
"CAMPO DE LA CRUZ",73,0.91,0.65,NA,7.1317,3,3
"CAMPO DE LA CRUZ",74,0.35,0.70,NA,7.1317,3,3
"CAMPO DE LA CRUZ",75,0.65,0.75,NA,7.1317,3,3
"CAMPO DE LA CRUZ",78,0.50,0.92,NA,7.1317,3,3
"CANDELARIA",11,0.37,1.13,NA,-1.4609,0,0
"CANDELARIA",18,1.28,1.02,NA,-1.4609,0,0
"CANDELARIA",19,1.29,1.01,NA,-1.4609,0,0
"CANDELARIA",20,1.93,0.99,NA,-1.4609,0,0
"CANDELARIA",21,1.53,0.98,NA,-1.4609,0,0
"CANDELARIA",22,1.58,0.96,NA,-1.4609,0,0
"CANDELARIA",23,1.89,0.95,NA,-1.4609,0,0
"CANDELARIA",24,3.05,0.94,NA,-1.4609,0,0
"CANDELARIA",25,0.50,0.92,NA,-1.4609,0,0
"CANDELARIA",26,0.76,0.91,NA,-1.4609,0,0
"CANDELARIA",27,0.35,0.90,NA,-1.4609,0,0
"CANDELARIA",49,0.16,0.65,NA,-1.4609,0,0
"CANDELARIA",57,0.83,0.58,NA,-1.4609,0,0
"CANDELARIA",58,0.69,0.57,NA,-1.4609,0,0
"CANDELARIA",59,0.54,0.56,NA,-1.4609,0,0
"CANDELARIA",60,0.57,0.55,NA,-1.4609,0,0
"CANDELARIA",61,0.45,0.54,NA,-1.4609,0,0
"CANDELARIA",63,0.28,0.53,NA,-1.4609,0,0
"CANDELARIA",64,0.13,0.52,NA,-1.4609,0,0
"CANDELARIA",67,0.51,0.50,NA,-1.4609,0,0
"CANDELARIA",74,1.94,0.45,NA,-1.4609,0,0
"CANDELARIA",78,0.70,0.42,NA,-1.4609,0,0
"GALAPA",1,0.12,0.22,NA,23.2092*,3,3
"GALAPA",2,0.17,0.27,NA,23.2092*,3,3
"GALAPA",4,1.15,0.41,NA,23.2092*,3,3
"GALAPA",5,1.30,0.51,NA,23.2092*,3,3
"GALAPA",6,0.37,0.62,NA,23.2092*,3,3
"GALAPA",7,0.86,0.77,NA,23.2092*,3,3
"GALAPA",8,1.04,0.95,NA,23.2092*,3,3
"GALAPA",9,0.51,1.17,NA,23.2092*,3,3
"GALAPA",10,2.64,1.44,NA,23.2092*,3,3
"GALAPA",11,1.84,1.77,NA,23.2092*,3,3
"GALAPA",12,1.82,2.18,NA,23.2092*,3,3
"GALAPA",13,3.21,2.69,Joinpoint 1,NA,3,3
"GALAPA",14,1.84,1.86,NA,-30.6666*,3,3
"GALAPA",15,1.21,1.29,NA,-30.6666*,3,3
"GALAPA",16,0.30,0.90,NA,-30.6666*,3,3
"GALAPA",17,1.24,0.62,NA,-30.6666*,3,3
"GALAPA",19,0.34,0.30,Joinpoint 2,NA,3,3
"GALAPA",20,0.51,0.31,NA,3.6316*,3,3
"GALAPA",21,0.40,0.32,NA,3.6316*,3,3
"GALAPA",22,0.28,0.33,NA,3.6316*,3,3
"GALAPA",23,0.50,0.34,NA,3.6316*,3,3
"GALAPA",24,0.20,0.36,NA,3.6316*,3,3
"GALAPA",25,0.13,0.37,NA,3.6316*,3,3
"GALAPA",26,0.50,0.38,NA,3.6316*,3,3
"GALAPA",27,1.05,0.40,NA,3.6316*,3,3
"GALAPA",28,0.31,0.41,NA,3.6316*,3,3
"GALAPA",29,0.39,0.43,NA,3.6316*,3,3
"GALAPA",30,0.49,0.44,NA,3.6316*,3,3
"GALAPA",32,1.41,0.47,NA,3.6316*,3,3
"GALAPA",38,0.27,0.59,NA,3.6316*,3,3
"GALAPA",39,0.27,0.61,NA,3.6316*,3,3
"GALAPA",40,1.54,0.63,NA,3.6316*,3,3
"GALAPA",41,0.86,0.65,NA,3.6316*,3,3
"GALAPA",45,0.52,0.76,NA,3.6316*,3,3
"GALAPA",47,0.13,0.81,NA,3.6316*,3,3
"GALAPA",48,0.36,0.84,NA,3.6316*,3,3
"GALAPA",49,1.21,0.87,NA,3.6316*,3,3
"GALAPA",50,1.00,0.90,NA,3.6316*,3,3
"GALAPA",51,1.35,0.94,NA,3.6316*,3,3
"GALAPA",52,1.63,0.97,NA,3.6316*,3,3
"GALAPA",53,1.42,1.00,NA,3.6316*,3,3
"GALAPA",54,1.24,1.04,NA,3.6316*,3,3
"GALAPA",55,0.90,1.08,NA,3.6316*,3,3
"GALAPA",56,1.31,1.12,NA,3.6316*,3,3
"GALAPA",57,0.45,1.16,NA,3.6316*,3,3
"GALAPA",58,1.02,1.20,NA,3.6316*,3,3
"GALAPA",59,0.66,1.24,NA,3.6316*,3,3
"GALAPA",60,1.94,1.29,NA,3.6316*,3,3
"GALAPA",61,2.38,1.34,NA,3.6316*,3,3
"GALAPA",62,2.23,1.38,NA,3.6316*,3,3
"GALAPA",63,2.61,1.44,Joinpoint 3,NA,3,3
"GALAPA",64,2.02,1.26,NA,-12.4206*,3,3
"GALAPA",65,1.49,1.10,NA,-12.4206*,3,3
"GALAPA",66,1.38,0.96,NA,-12.4206*,3,3
"GALAPA",67,0.90,0.84,NA,-12.4206*,3,3
"GALAPA",68,0.16,0.74,NA,-12.4206*,3,3
"GALAPA",69,0.58,0.65,NA,-12.4206*,3,3
"GALAPA",70,0.48,0.57,NA,-12.4206*,3,3
"GALAPA",71,0.32,0.50,NA,-12.4206*,3,3
"GALAPA",72,0.46,0.44,NA,-12.4206*,3,3
"GALAPA",73,0.79,0.38,NA,-12.4206*,3,3
"GALAPA",74,0.53,0.33,NA,-12.4206*,3,3
"GALAPA",75,0.13,0.29,NA,-12.4206*,3,3
"GALAPA",76,0.36,0.26,NA,-12.4206*,3,3
"GALAPA",77,0.29,0.22,NA,-12.4206*,3,3
"GALAPA",78,0.19,0.20,NA,-12.4206*,3,3
"JUAN DE ACOSTA",1,0.34,1.44,NA,-0.8789,0,0
"JUAN DE ACOSTA",4,1.66,1.40,NA,-0.8789,0,0
"JUAN DE ACOSTA",5,6.25,1.39,NA,-0.8789,0,0
"JUAN DE ACOSTA",6,3.23,1.38,NA,-0.8789,0,0
"JUAN DE ACOSTA",7,1.24,1.36,NA,-0.8789,0,0
"JUAN DE ACOSTA",8,2.01,1.35,NA,-0.8789,0,0
"JUAN DE ACOSTA",9,3.47,1.34,NA,-0.8789,0,0
"JUAN DE ACOSTA",10,1.91,1.33,NA,-0.8789,0,0
"JUAN DE ACOSTA",11,1.12,1.32,NA,-0.8789,0,0
"JUAN DE ACOSTA",12,1.05,1.30,NA,-0.8789,0,0
"JUAN DE ACOSTA",13,2.17,1.29,NA,-0.8789,0,0
"JUAN DE ACOSTA",14,1.56,1.28,NA,-0.8789,0,0
"JUAN DE ACOSTA",16,3.46,1.26,NA,-0.8789,0,0
"JUAN DE ACOSTA",17,1.21,1.25,NA,-0.8789,0,0
"JUAN DE ACOSTA",18,0.98,1.24,NA,-0.8789,0,0
"JUAN DE ACOSTA",20,1.48,1.22,NA,-0.8789,0,0
"JUAN DE ACOSTA",21,1.57,1.20,NA,-0.8789,0,0
"JUAN DE ACOSTA",22,1.21,1.19,NA,-0.8789,0,0
"JUAN DE ACOSTA",23,0.48,1.18,NA,-0.8789,0,0
"JUAN DE ACOSTA",24,0.59,1.17,NA,-0.8789,0,0
"JUAN DE ACOSTA",25,1.15,1.16,NA,-0.8789,0,0
"JUAN DE ACOSTA",26,0.29,1.15,NA,-0.8789,0,0
"JUAN DE ACOSTA",27,0.27,1.14,NA,-0.8789,0,0
"JUAN DE ACOSTA",29,1.70,1.12,NA,-0.8789,0,0
"JUAN DE ACOSTA",36,0.95,1.06,NA,-0.8789,0,0
"JUAN DE ACOSTA",38,0.79,1.04,NA,-0.8789,0,0
"JUAN DE ACOSTA",39,0.81,1.03,NA,-0.8789,0,0
"JUAN DE ACOSTA",40,1.94,1.02,NA,-0.8789,0,0
"JUAN DE ACOSTA",41,0.84,1.01,NA,-0.8789,0,0
"JUAN DE ACOSTA",45,4.56,0.97,NA,-0.8789,0,0
"JUAN DE ACOSTA",47,0.39,0.96,NA,-0.8789,0,0
"JUAN DE ACOSTA",48,0.70,0.95,NA,-0.8789,0,0
"JUAN DE ACOSTA",49,0.12,0.94,NA,-0.8789,0,0
"JUAN DE ACOSTA",50,0.21,0.93,NA,-0.8789,0,0
"JUAN DE ACOSTA",51,0.73,0.92,NA,-0.8789,0,0
"JUAN DE ACOSTA",52,0.34,0.92,NA,-0.8789,0,0
"JUAN DE ACOSTA",53,1.58,0.91,NA,-0.8789,0,0
"JUAN DE ACOSTA",54,0.83,0.90,NA,-0.8789,0,0
"JUAN DE ACOSTA",55,0.52,0.89,NA,-0.8789,0,0
"JUAN DE ACOSTA",57,0.66,0.88,NA,-0.8789,0,0
"JUAN DE ACOSTA",58,0.54,0.87,NA,-0.8789,0,0
"JUAN DE ACOSTA",59,3.19,0.86,NA,-0.8789,0,0
"JUAN DE ACOSTA",60,0.74,0.85,NA,-0.8789,0,0
"JUAN DE ACOSTA",61,0.54,0.85,NA,-0.8789,0,0
"JUAN DE ACOSTA",62,1.17,0.84,NA,-0.8789,0,0
"JUAN DE ACOSTA",63,2.13,0.83,NA,-0.8789,0,0
"JUAN DE ACOSTA",64,1.40,0.82,NA,-0.8789,0,0
"JUAN DE ACOSTA",65,1.72,0.82,NA,-0.8789,0,0
"JUAN DE ACOSTA",66,0.92,0.81,NA,-0.8789,0,0
"JUAN DE ACOSTA",67,1.60,0.80,NA,-0.8789,0,0
"JUAN DE ACOSTA",68,2.35,0.80,NA,-0.8789,0,0
"JUAN DE ACOSTA",70,0.69,0.78,NA,-0.8789,0,0
"JUAN DE ACOSTA",71,1.88,0.77,NA,-0.8789,0,0
"JUAN DE ACOSTA",72,0.90,0.77,NA,-0.8789,0,0
"JUAN DE ACOSTA",73,0.76,0.76,NA,-0.8789,0,0
"JUAN DE ACOSTA",74,0.38,0.75,NA,-0.8789,0,0
"JUAN DE ACOSTA",78,0.55,0.73,NA,-0.8789,0,0
"LURUACO",9,0.74,0.42,NA,4.6245*,2,2
"LURUACO",13,0.44,0.50,NA,4.6245*,2,2
"LURUACO",15,0.33,0.55,NA,4.6245*,2,2
"LURUACO",17,0.90,0.60,NA,4.6245*,2,2
"LURUACO",18,0.73,0.62,NA,4.6245*,2,2
"LURUACO",20,0.37,0.68,NA,4.6245*,2,2
"LURUACO",21,0.29,0.72,NA,4.6245*,2,2
"LURUACO",22,0.30,0.75,NA,4.6245*,2,2
"LURUACO",23,1.08,0.78,NA,4.6245*,2,2
"LURUACO",24,2.39,0.82,NA,4.6245*,2,2
"LURUACO",25,1.99,0.86,NA,4.6245*,2,2
"LURUACO",26,1.63,0.90,NA,4.6245*,2,2
"LURUACO",27,1.90,0.94,NA,4.6245*,2,2
"LURUACO",28,1.20,0.98,NA,4.6245*,2,2
"LURUACO",29,0.84,1.03,NA,4.6245*,2,2
"LURUACO",30,1.07,1.07,NA,4.6245*,2,2
"LURUACO",37,0.69,1.47,NA,4.6245*,2,2
"LURUACO",39,0.30,1.61,NA,4.6245*,2,2
"LURUACO",40,0.96,1.69,NA,4.6245*,2,2
"LURUACO",42,0.63,1.85,NA,4.6245*,2,2
"LURUACO",44,1.75,2.02,NA,4.6245*,2,2
"LURUACO",46,3.45,2.21,NA,4.6245*,2,2
"LURUACO",47,3.20,2.32,NA,4.6245*,2,2
"LURUACO",48,8.18,2.42,NA,4.6245*,2,2
"LURUACO",49,4.80,2.54,Joinpoint 1,NA,2,2
"LURUACO",50,2.10,1.07,NA,-57.7240*,2,2
"LURUACO",51,0.12,0.45,NA,-57.7240*,2,2
"LURUACO",52,0.17,0.19,Joinpoint 2,NA,2,2
"LURUACO",53,0.44,0.20,NA,2.1700,2,2
"LURUACO",54,0.21,0.20,NA,2.1700,2,2
"LURUACO",55,0.39,0.20,NA,2.1700,2,2
"LURUACO",59,0.31,0.22,NA,2.1700,2,2
"LURUACO",62,0.12,0.24,NA,2.1700,2,2
"LURUACO",63,0.17,0.24,NA,2.1700,2,2
"LURUACO",64,0.15,0.25,NA,2.1700,2,2
"LURUACO",67,0.15,0.26,NA,2.1700,2,2
"LURUACO",68,0.35,0.27,NA,2.1700,2,2
"LURUACO",71,0.70,0.29,NA,2.1700,2,2
"LURUACO",75,0.27,0.31,NA,2.1700,2,2
"LURUACO",76,0.39,0.32,NA,2.1700,2,2
"LURUACO",77,0.31,0.33,NA,2.1700,2,2
"MALAMBO",1,0.28,0.27,NA,83.8653*,4,4
"MALAMBO",2,0.56,0.49,NA,83.8653*,4,4
"MALAMBO",3,0.65,0.91,NA,83.8653*,4,4
"MALAMBO",4,1.64,1.67,Joinpoint 1,NA,4,4
"MALAMBO",5,1.64,1.57,NA,-6.1343*,4,4
"MALAMBO",6,2.47,1.47,NA,-6.1343*,4,4
"MALAMBO",7,2.33,1.38,NA,-6.1343*,4,4
"MALAMBO",8,1.40,1.30,NA,-6.1343*,4,4
"MALAMBO",9,1.14,1.22,NA,-6.1343*,4,4
"MALAMBO",10,0.57,1.14,NA,-6.1343*,4,4
"MALAMBO",11,0.55,1.07,NA,-6.1343*,4,4
"MALAMBO",12,0.66,1.01,NA,-6.1343*,4,4
"MALAMBO",13,0.58,0.94,NA,-6.1343*,4,4
"MALAMBO",14,0.72,0.89,NA,-6.1343*,4,4
"MALAMBO",15,1.14,0.83,NA,-6.1343*,4,4
"MALAMBO",16,1.40,0.78,NA,-6.1343*,4,4
"MALAMBO",17,2.35,0.73,NA,-6.1343*,4,4
"MALAMBO",18,1.11,0.69,NA,-6.1343*,4,4
"MALAMBO",19,0.64,0.65,NA,-6.1343*,4,4
"MALAMBO",20,0.56,0.61,NA,-6.1343*,4,4
"MALAMBO",21,0.25,0.57,Joinpoint 2,NA,4,4
"MALAMBO",22,0.33,0.62,NA,8.3634*,4,4
"MALAMBO",23,0.31,0.67,NA,8.3634*,4,4
"MALAMBO",24,0.71,0.72,NA,8.3634*,4,4
"MALAMBO",25,0.84,0.78,NA,8.3634*,4,4
"MALAMBO",26,0.78,0.85,NA,8.3634*,4,4
"MALAMBO",27,0.95,0.92,NA,8.3634*,4,4
"MALAMBO",28,1.22,1.00,NA,8.3634*,4,4
"MALAMBO",29,2.56,1.08,NA,8.3634*,4,4
"MALAMBO",30,3.25,1.17,NA,8.3634*,4,4
"MALAMBO",31,2.35,1.27,NA,8.3634*,4,4
"MALAMBO",32,1.33,1.38,NA,8.3634*,4,4
"MALAMBO",33,1.53,1.49,NA,8.3634*,4,4
"MALAMBO",34,0.62,1.62,NA,8.3634*,4,4
"MALAMBO",35,1.20,1.75,NA,8.3634*,4,4
"MALAMBO",36,3.20,1.90,NA,8.3634*,4,4
"MALAMBO",37,1.94,2.06,NA,8.3634*,4,4
"MALAMBO",38,2.04,2.23,NA,8.3634*,4,4
"MALAMBO",39,1.88,2.42,NA,8.3634*,4,4
"MALAMBO",40,2.18,2.62,NA,8.3634*,4,4
"MALAMBO",41,2.98,2.84,NA,8.3634*,4,4
"MALAMBO",42,3.95,3.07,NA,8.3634*,4,4
"MALAMBO",43,4.26,3.33,NA,8.3634*,4,4
"MALAMBO",44,3.41,3.61,NA,8.3634*,4,4
"MALAMBO",45,2.44,3.91,NA,8.3634*,4,4
"MALAMBO",46,3.36,4.24,NA,8.3634*,4,4
"MALAMBO",47,4.54,4.59,Joinpoint 3,NA,4,4
"MALAMBO",48,3.44,3.29,NA,-28.3847*,4,4
"MALAMBO",49,2.67,2.36,NA,-28.3847*,4,4
"MALAMBO",50,2.06,1.69,NA,-28.3847*,4,4
"MALAMBO",51,1.22,1.21,NA,-28.3847*,4,4
"MALAMBO",52,0.91,0.87,NA,-28.3847*,4,4
"MALAMBO",53,0.60,0.62,Joinpoint 4,NA,4,4
"MALAMBO",54,0.49,0.62,NA,-0.0447,4,4
"MALAMBO",55,0.93,0.62,NA,-0.0447,4,4
"MALAMBO",56,0.86,0.62,NA,-0.0447,4,4
"MALAMBO",57,0.84,0.62,NA,-0.0447,4,4
"MALAMBO",58,0.44,0.62,NA,-0.0447,4,4
"MALAMBO",59,0.34,0.62,NA,-0.0447,4,4
"MALAMBO",60,0.31,0.62,NA,-0.0447,4,4
"MALAMBO",61,0.40,0.62,NA,-0.0447,4,4
"MALAMBO",62,0.62,0.62,NA,-0.0447,4,4
"MALAMBO",63,0.74,0.62,NA,-0.0447,4,4
"MALAMBO",64,0.54,0.62,NA,-0.0447,4,4
"MALAMBO",65,0.58,0.62,NA,-0.0447,4,4
"MALAMBO",66,0.52,0.62,NA,-0.0447,4,4
"MALAMBO",67,0.80,0.62,NA,-0.0447,4,4
"MALAMBO",68,1.81,0.62,NA,-0.0447,4,4
"MALAMBO",69,1.36,0.62,NA,-0.0447,4,4
"MALAMBO",70,0.55,0.62,NA,-0.0447,4,4
"MALAMBO",71,0.60,0.61,NA,-0.0447,4,4
"MALAMBO",72,0.58,0.61,NA,-0.0447,4,4
"MALAMBO",73,0.41,0.61,NA,-0.0447,4,4
"MALAMBO",74,0.86,0.61,NA,-0.0447,4,4
"MALAMBO",75,0.70,0.61,NA,-0.0447,4,4
"MALAMBO",76,0.51,0.61,NA,-0.0447,4,4
"MALAMBO",77,0.40,0.61,NA,-0.0447,4,4
"MALAMBO",78,0.53,0.61,NA,-0.0447,4,4
"MANATÍ",1,0.71,2.00,NA,-1.7154,3,3
"MANATÍ",11,0.59,1.68,NA,-1.7154,3,3
"MANATÍ",16,1.82,1.54,NA,-1.7154,3,3
"MANATÍ",18,4.12,1.49,NA,-1.7154,3,3
"MANATÍ",20,5.20,1.44,NA,-1.7154,3,3
"MANATÍ",21,4.13,1.41,NA,-1.7154,3,3
"MANATÍ",22,2.97,1.39,NA,-1.7154,3,3
"MANATÍ",23,1.53,1.37,NA,-1.7154,3,3
"MANATÍ",24,1.23,1.34,NA,-1.7154,3,3
"MANATÍ",25,1.61,1.32,NA,-1.7154,3,3
"MANATÍ",26,0.15,1.30,NA,-1.7154,3,3
"MANATÍ",31,1.90,1.19,NA,-1.7154,3,3
"MANATÍ",34,2.03,1.13,NA,-1.7154,3,3
"MANATÍ",35,1.12,1.11,NA,-1.7154,3,3
"MANATÍ",36,0.99,1.09,NA,-1.7154,3,3
"MANATÍ",37,0.97,1.07,NA,-1.7154,3,3
"MANATÍ",38,0.83,1.05,NA,-1.7154,3,3
"MANATÍ",46,0.81,0.92,NA,-1.7154,3,3
"MANATÍ",47,0.41,0.90,NA,-1.7154,3,3
"MANATÍ",48,0.18,0.89,NA,-1.7154,3,3
"MANATÍ",49,1.78,0.87,NA,-1.7154,3,3
"MANATÍ",50,1.64,0.86,NA,-1.7154,3,3
"MANATÍ",51,0.92,0.84,NA,-1.7154,3,3
"MANATÍ",52,0.59,0.83,Joinpoint 1,NA,3,3
"MANATÍ",53,1.22,1.13,NA,36.4501*,3,3
"MANATÍ",54,1.15,1.54,NA,36.4501*,3,3
"MANATÍ",55,3.25,2.10,NA,36.4501*,3,3
"MANATÍ",56,3.17,2.87,NA,36.4501*,3,3
"MANATÍ",57,7.45,3.91,NA,36.4501*,3,3
"MANATÍ",58,7.01,5.34,NA,36.4501*,3,3
"MANATÍ",59,5.27,7.28,NA,36.4501*,3,3
"MANATÍ",60,4.46,9.93,Joinpoint 2,NA,3,3
"MANATÍ",61,2.95,2.67,NA,-73.1535*,3,3
"MANATÍ",62,1.55,0.72,NA,-73.1535*,3,3
"MANATÍ",63,0.12,0.19,Joinpoint 3,NA,3,3
"MANATÍ",64,0.21,0.21,NA,8.6821,3,3
"MANATÍ",66,0.12,0.25,NA,8.6821,3,3
"MANATÍ",67,0.21,0.27,NA,8.6821,3,3
"MANATÍ",68,0.48,0.29,NA,8.6821,3,3
"MANATÍ",70,0.71,0.34,NA,8.6821,3,3
"MANATÍ",72,0.46,0.41,NA,8.6821,3,3
"MANATÍ",73,0.52,0.44,NA,8.6821,3,3
"MANATÍ",74,0.40,0.48,NA,8.6821,3,3
"MANATÍ",77,0.43,0.62,NA,8.6821,3,3
"PALMAR DE VARELA",5,0.91,0.87,NA,-3.2431*,1,1
"PALMAR DE VARELA",11,0.20,0.71,NA,-3.2431*,1,1
"PALMAR DE VARELA",12,0.31,0.69,NA,-3.2431*,1,1
"PALMAR DE VARELA",13,0.29,0.67,NA,-3.2431*,1,1
"PALMAR DE VARELA",14,0.80,0.64,NA,-3.2431*,1,1
"PALMAR DE VARELA",15,0.63,0.62,NA,-3.2431*,1,1
"PALMAR DE VARELA",18,0.71,0.56,NA,-3.2431*,1,1
"PALMAR DE VARELA",20,1.78,0.53,NA,-3.2431*,1,1
"PALMAR DE VARELA",21,1.98,0.51,NA,-3.2431*,1,1
"PALMAR DE VARELA",24,0.21,0.46,NA,-3.2431*,1,1
"PALMAR DE VARELA",25,0.27,0.45,NA,-3.2431*,1,1
"PALMAR DE VARELA",27,0.29,0.42,NA,-3.2431*,1,1
"PALMAR DE VARELA",28,1.81,0.41,NA,-3.2431*,1,1
"PALMAR DE VARELA",29,0.41,0.39,NA,-3.2431*,1,1
"PALMAR DE VARELA",31,1.30,0.37,NA,-3.2431*,1,1
"PALMAR DE VARELA",49,0.17,0.20,NA,-3.2431*,1,1
"PALMAR DE VARELA",50,0.15,0.20,NA,-3.2431*,1,1
"PALMAR DE VARELA",51,0.17,0.19,NA,-3.2431*,1,1
"PALMAR DE VARELA",52,0.08,0.18,Joinpoint 1,NA,1,1
"PALMAR DE VARELA",53,0.14,0.19,NA,5.5332,1,1
"PALMAR DE VARELA",56,1.08,0.23,NA,5.5332,1,1
"PALMAR DE VARELA",60,0.42,0.28,NA,5.5332,1,1
"PALMAR DE VARELA",61,0.13,0.30,NA,5.5332,1,1
"PALMAR DE VARELA",63,0.08,0.33,NA,5.5332,1,1
"PALMAR DE VARELA",64,0.35,0.35,NA,5.5332,1,1
"PALMAR DE VARELA",65,0.12,0.37,NA,5.5332,1,1
"PALMAR DE VARELA",66,0.32,0.39,NA,5.5332,1,1
"PALMAR DE VARELA",67,0.42,0.41,NA,5.5332,1,1
"PALMAR DE VARELA",68,0.33,0.44,NA,5.5332,1,1
"PALMAR DE VARELA",69,2.36,0.46,NA,5.5332,1,1
"PALMAR DE VARELA",70,2.41,0.49,NA,5.5332,1,1
"PALMAR DE VARELA",71,0.66,0.51,NA,5.5332,1,1
"PALMAR DE VARELA",72,0.31,0.54,NA,5.5332,1,1
"PALMAR DE VARELA",73,0.53,0.57,NA,5.5332,1,1
"PALMAR DE VARELA",74,0.54,0.60,NA,5.5332,1,1
"PALMAR DE VARELA",75,1.01,0.64,NA,5.5332,1,1
"PALMAR DE VARELA",76,0.73,0.67,NA,5.5332,1,1
"PALMAR DE VARELA",77,0.29,0.71,NA,5.5332,1,1
"PIOJÓ",5,3.97,12.14,NA,-4.5358*,1,1
"PIOJÓ",6,20.52,11.59,NA,-4.5358*,1,1
"PIOJÓ",29,3.57,3.99,NA,-4.5358*,1,1
"PIOJÓ",30,18.13,3.81,NA,-4.5358*,1,1
"PIOJÓ",40,2.02,2.39,NA,-4.5358*,1,1
"PIOJÓ",41,2.64,2.28,NA,-4.5358*,1,1
"PIOJÓ",42,2.66,2.18,NA,-4.5358*,1,1
"PIOJÓ",49,1.53,1.58,NA,-4.5358*,1,1
"PIOJÓ",50,0.66,1.50,NA,-4.5358*,1,1
"PIOJÓ",51,0.25,1.44,NA,-4.5358*,1,1
"PIOJÓ",55,1.63,1.19,NA,-4.5358*,1,1
"PIOJÓ",57,4.09,1.09,NA,-4.5358*,1,1
"PIOJÓ",58,2.54,1.04,NA,-4.5358*,1,1
"PIOJÓ",59,0.66,0.99,NA,-4.5358*,1,1
"PIOJÓ",62,0.52,0.86,NA,-4.5358*,1,1
"PIOJÓ",65,0.51,0.75,Joinpoint 1,NA,1,1
"PIOJÓ",72,2.79,2.90,NA,21.3043*,1,1
"PIOJÓ",73,2.36,3.51,NA,21.3043*,1,1
"PIOJÓ",74,7.17,4.26,NA,21.3043*,1,1
"PIOJÓ",75,21.48,5.17,NA,21.3043*,1,1
"PIOJÓ",77,3.91,7.61,NA,21.3043*,1,1
"PIOJÓ",78,5.17,9.23,NA,21.3043*,1,1
"POLONUEVO",1,0.78,0.53,NA,49.3000,2,2
"POLONUEVO",2,0.57,0.78,NA,49.3000,2,2
"POLONUEVO",5,1.44,2.61,NA,49.3000,2,2
"POLONUEVO",6,6.21,3.90,NA,49.3000,2,2
"POLONUEVO",7,10.01,5.82,Joinpoint 1,NA,2,2
"POLONUEVO",8,3.49,5.54,NA,-4.8631*,2,2
"POLONUEVO",9,6.30,5.27,NA,-4.8631*,2,2
"POLONUEVO",10,7.70,5.01,NA,-4.8631*,2,2
"POLONUEVO",11,19.72,4.77,NA,-4.8631*,2,2
"POLONUEVO",12,14.36,4.54,NA,-4.8631*,2,2
"POLONUEVO",13,4.10,4.32,NA,-4.8631*,2,2
"POLONUEVO",14,2.57,4.11,NA,-4.8631*,2,2
"POLONUEVO",15,1.01,3.91,NA,-4.8631*,2,2
"POLONUEVO",16,1.00,3.72,NA,-4.8631*,2,2
"POLONUEVO",17,2.78,3.54,NA,-4.8631*,2,2
"POLONUEVO",18,5.64,3.36,NA,-4.8631*,2,2
"POLONUEVO",19,5.71,3.20,NA,-4.8631*,2,2
"POLONUEVO",20,3.98,3.05,NA,-4.8631*,2,2
"POLONUEVO",21,15.82,2.90,NA,-4.8631*,2,2
"POLONUEVO",22,15.79,2.76,NA,-4.8631*,2,2
"POLONUEVO",23,2.23,2.62,NA,-4.8631*,2,2
"POLONUEVO",24,1.69,2.49,NA,-4.8631*,2,2
"POLONUEVO",25,0.22,2.37,NA,-4.8631*,2,2
"POLONUEVO",26,0.84,2.26,NA,-4.8631*,2,2
"POLONUEVO",27,0.93,2.15,NA,-4.8631*,2,2
"POLONUEVO",28,0.26,2.04,NA,-4.8631*,2,2
"POLONUEVO",29,0.65,1.94,NA,-4.8631*,2,2
"POLONUEVO",31,2.10,1.76,NA,-4.8631*,2,2
"POLONUEVO",32,2.38,1.67,NA,-4.8631*,2,2
"POLONUEVO",33,5.47,1.59,NA,-4.8631*,2,2
"POLONUEVO",36,2.18,1.37,NA,-4.8631*,2,2
"POLONUEVO",47,0.90,0.79,NA,-4.8631*,2,2
"POLONUEVO",48,0.60,0.75,NA,-4.8631*,2,2
"POLONUEVO",49,1.12,0.72,NA,-4.8631*,2,2
"POLONUEVO",50,0.72,0.68,NA,-4.8631*,2,2
"POLONUEVO",51,0.28,0.65,NA,-4.8631*,2,2
"POLONUEVO",52,0.65,0.62,NA,-4.8631*,2,2
"POLONUEVO",53,0.68,0.59,NA,-4.8631*,2,2
"POLONUEVO",56,2.63,0.51,NA,-4.8631*,2,2
"POLONUEVO",57,1.50,0.48,NA,-4.8631*,2,2
"POLONUEVO",58,0.31,0.46,NA,-4.8631*,2,2
"POLONUEVO",59,0.73,0.44,NA,-4.8631*,2,2
"POLONUEVO",60,0.34,0.41,NA,-4.8631*,2,2
"POLONUEVO",61,0.20,0.39,NA,-4.8631*,2,2
"POLONUEVO",62,0.57,0.38,NA,-4.8631*,2,2
"POLONUEVO",63,0.13,0.36,NA,-4.8631*,2,2
"POLONUEVO",64,0.57,0.34,NA,-4.8631*,2,2
"POLONUEVO",65,0.19,0.32,NA,-4.8631*,2,2
"POLONUEVO",66,0.13,0.31,Joinpoint 2,NA,2,2
"POLONUEVO",71,1.07,0.62,NA,14.9273,2,2
"POLONUEVO",72,2.05,0.71,NA,14.9273,2,2
"POLONUEVO",73,1.16,0.81,NA,14.9273,2,2
"POLONUEVO",75,0.41,1.08,NA,14.9273,2,2
"POLONUEVO",78,1.27,1.63,NA,14.9273,2,2
"PONEDERA",2,0.43,0.33,NA,7.0627*,4,4
"PONEDERA",10,0.28,0.56,NA,7.0627*,4,4
"PONEDERA",12,0.74,0.64,NA,7.0627*,4,4
"PONEDERA",14,0.59,0.74,NA,7.0627*,4,4
"PONEDERA",15,1.16,0.79,NA,7.0627*,4,4
"PONEDERA",16,1.52,0.85,NA,7.0627*,4,4
"PONEDERA",20,1.31,1.11,NA,7.0627*,4,4
"PONEDERA",21,0.35,1.19,NA,7.0627*,4,4
"PONEDERA",22,0.71,1.27,NA,7.0627*,4,4
"PONEDERA",23,3.41,1.36,NA,7.0627*,4,4
"PONEDERA",24,1.03,1.46,NA,7.0627*,4,4
"PONEDERA",25,2.36,1.56,NA,7.0627*,4,4
"PONEDERA",26,2.06,1.67,Joinpoint 1,NA,4,4
"PONEDERA",27,1.42,1.54,NA,-8.2632*,4,4
"PONEDERA",28,2.03,1.41,NA,-8.2632*,4,4
"PONEDERA",29,0.50,1.29,NA,-8.2632*,4,4
"PONEDERA",31,1.61,1.09,NA,-8.2632*,4,4
"PONEDERA",36,0.83,0.71,NA,-8.2632*,4,4
"PONEDERA",39,0.71,0.55,NA,-8.2632*,4,4
"PONEDERA",47,0.69,0.27,NA,-8.2632*,4,4
"PONEDERA",48,0.15,0.25,NA,-8.2632*,4,4
"PONEDERA",49,0.11,0.23,NA,-8.2632*,4,4
"PONEDERA",51,0.21,0.19,NA,-8.2632*,4,4
"PONEDERA",52,0.20,0.18,Joinpoint 2,NA,4,4
"PONEDERA",54,0.25,0.25,NA,19.5551*,4,4
"PONEDERA",59,0.94,0.62,NA,19.5551*,4,4
"PONEDERA",60,0.39,0.74,NA,19.5551*,4,4
"PONEDERA",61,0.63,0.89,NA,19.5551*,4,4
"PONEDERA",62,0.88,1.06,Joinpoint 3,NA,4,4
"PONEDERA",63,1.48,0.52,NA,-51.2115*,4,4
"PONEDERA",64,0.26,0.25,NA,-51.2115*,4,4
"PONEDERA",65,0.07,0.12,Joinpoint 4,NA,4,4
"PONEDERA",66,0.10,0.17,NA,34.7737*,4,4
"PONEDERA",67,0.18,0.22,NA,34.7737*,4,4
"PONEDERA",68,0.83,0.30,NA,34.7737*,4,4
"PONEDERA",70,0.61,0.55,NA,34.7737*,4,4
"PONEDERA",71,0.83,0.74,NA,34.7737*,4,4
"PONEDERA",73,1.12,1.34,NA,34.7737*,4,4
"PONEDERA",75,1.61,2.43,NA,34.7737*,4,4
"PONEDERA",76,4.19,3.28,NA,34.7737*,4,4
"PONEDERA",77,5.93,4.42,NA,34.7737*,4,4
"PONEDERA",78,4.41,5.96,NA,34.7737*,4,4
"PUERTO COLOMBIA",1,0.29,0.54,NA,-0.4242,2,2
"PUERTO COLOMBIA",2,0.21,0.54,NA,-0.4242,2,2
"PUERTO COLOMBIA",5,0.53,0.53,NA,-0.4242,2,2
"PUERTO COLOMBIA",6,0.46,0.53,NA,-0.4242,2,2
"PUERTO COLOMBIA",7,1.32,0.53,NA,-0.4242,2,2
"PUERTO COLOMBIA",8,0.86,0.53,NA,-0.4242,2,2
"PUERTO COLOMBIA",9,0.42,0.52,NA,-0.4242,2,2
"PUERTO COLOMBIA",11,0.72,0.52,NA,-0.4242,2,2
"PUERTO COLOMBIA",12,1.17,0.52,NA,-0.4242,2,2
"PUERTO COLOMBIA",13,0.25,0.51,NA,-0.4242,2,2
"PUERTO COLOMBIA",14,0.28,0.51,NA,-0.4242,2,2
"PUERTO COLOMBIA",18,0.81,0.50,NA,-0.4242,2,2
"PUERTO COLOMBIA",19,2.88,0.50,NA,-0.4242,2,2
"PUERTO COLOMBIA",20,0.41,0.50,NA,-0.4242,2,2
"PUERTO COLOMBIA",21,0.33,0.50,NA,-0.4242,2,2
"PUERTO COLOMBIA",22,0.17,0.49,NA,-0.4242,2,2
"PUERTO COLOMBIA",23,0.20,0.49,NA,-0.4242,2,2
"PUERTO COLOMBIA",24,0.49,0.49,NA,-0.4242,2,2
"PUERTO COLOMBIA",25,0.63,0.49,NA,-0.4242,2,2
"PUERTO COLOMBIA",26,0.67,0.49,NA,-0.4242,2,2
"PUERTO COLOMBIA",27,0.49,0.48,NA,-0.4242,2,2
"PUERTO COLOMBIA",28,0.74,0.48,NA,-0.4242,2,2
"PUERTO COLOMBIA",29,1.15,0.48,NA,-0.4242,2,2
"PUERTO COLOMBIA",30,0.58,0.48,NA,-0.4242,2,2
"PUERTO COLOMBIA",36,0.38,0.47,NA,-0.4242,2,2
"PUERTO COLOMBIA",37,0.38,0.46,NA,-0.4242,2,2
"PUERTO COLOMBIA",40,0.26,0.46,NA,-0.4242,2,2
"PUERTO COLOMBIA",41,0.67,0.46,NA,-0.4242,2,2
"PUERTO COLOMBIA",44,0.94,0.45,NA,-0.4242,2,2
"PUERTO COLOMBIA",47,0.16,0.44,NA,-0.4242,2,2
"PUERTO COLOMBIA",50,0.17,0.44,Joinpoint 1,NA,2,2
"PUERTO COLOMBIA",51,0.86,0.62,NA,40.0552*,2,2
"PUERTO COLOMBIA",52,1.53,0.86,NA,40.0552*,2,2
"PUERTO COLOMBIA",53,1.93,1.21,NA,40.0552*,2,2
"PUERTO COLOMBIA",54,1.85,1.69,NA,40.0552*,2,2
"PUERTO COLOMBIA",55,1.85,2.37,NA,40.0552*,2,2
"PUERTO COLOMBIA",56,2.40,3.31,NA,40.0552*,2,2
"PUERTO COLOMBIA",57,5.91,4.64,Joinpoint 2,NA,2,2
"PUERTO COLOMBIA",58,7.02,4.09,NA,-11.9526*,2,2
"PUERTO COLOMBIA",59,6.33,3.60,NA,-11.9526*,2,2
"PUERTO COLOMBIA",60,6.60,3.17,NA,-11.9526*,2,2
"PUERTO COLOMBIA",61,3.99,2.79,NA,-11.9526*,2,2
"PUERTO COLOMBIA",62,3.33,2.46,NA,-11.9526*,2,2
"PUERTO COLOMBIA",63,1.58,2.16,NA,-11.9526*,2,2
"PUERTO COLOMBIA",64,1.25,1.90,NA,-11.9526*,2,2
"PUERTO COLOMBIA",65,0.84,1.68,NA,-11.9526*,2,2
"PUERTO COLOMBIA",66,0.40,1.48,NA,-11.9526*,2,2
"PUERTO COLOMBIA",67,0.39,1.30,NA,-11.9526*,2,2
"PUERTO COLOMBIA",68,1.27,1.14,NA,-11.9526*,2,2
"PUERTO COLOMBIA",69,0.98,1.01,NA,-11.9526*,2,2
"PUERTO COLOMBIA",70,1.07,0.89,NA,-11.9526*,2,2
"PUERTO COLOMBIA",71,1.09,0.78,NA,-11.9526*,2,2
"PUERTO COLOMBIA",72,0.17,0.69,NA,-11.9526*,2,2
"PUERTO COLOMBIA",73,0.49,0.61,NA,-11.9526*,2,2
"PUERTO COLOMBIA",75,0.56,0.47,NA,-11.9526*,2,2
"PUERTO COLOMBIA",76,1.02,0.41,NA,-11.9526*,2,2
"PUERTO COLOMBIA",77,0.32,0.36,NA,-11.9526*,2,2
"PUERTO COLOMBIA",78,1.07,0.32,NA,-11.9526*,2,2
"REPELÓN",10,0.25,0.14,NA,15.6672*,2,2
"REPELÓN",20,0.40,0.59,NA,15.6672*,2,2
"REPELÓN",23,0.39,0.91,NA,15.6672*,2,2
"REPELÓN",25,0.61,1.21,NA,15.6672*,2,2
"REPELÓN",26,1.99,1.40,NA,15.6672*,2,2
"REPELÓN",27,2.16,1.62,NA,15.6672*,2,2
"REPELÓN",28,2.21,1.88,NA,15.6672*,2,2
"REPELÓN",29,2.28,2.17,NA,15.6672*,2,2
"REPELÓN",30,1.15,2.51,NA,15.6672*,2,2
"REPELÓN",31,5.84,2.90,NA,15.6672*,2,2
"REPELÓN",32,6.63,3.36,Joinpoint 1,NA,2,2
"REPELÓN",34,1.55,2.25,NA,-18.1445*,2,2
"REPELÓN",35,2.57,1.84,NA,-18.1445*,2,2
"REPELÓN",36,1.52,1.51,NA,-18.1445*,2,2
"REPELÓN",37,1.49,1.23,NA,-18.1445*,2,2
"REPELÓN",38,0.63,1.01,NA,-18.1445*,2,2
"REPELÓN",39,0.65,0.83,NA,-18.1445*,2,2
"REPELÓN",40,1.03,0.68,NA,-18.1445*,2,2
"REPELÓN",50,0.08,0.09,NA,-18.1445*,2,2
"REPELÓN",51,0.06,0.07,Joinpoint 2,NA,2,2
"REPELÓN",52,0.18,0.08,NA,7.0213,2,2
"REPELÓN",59,0.17,0.13,NA,7.0213,2,2
"REPELÓN",61,0.14,0.15,NA,7.0213,2,2
"REPELÓN",62,0.13,0.16,NA,7.0213,2,2
"REPELÓN",64,0.08,0.18,NA,7.0213,2,2
"REPELÓN",66,0.09,0.21,NA,7.0213,2,2
"REPELÓN",74,0.92,0.36,NA,7.0213,2,2
"SABANAGRANDE",1,0.44,0.59,NA,-2.7986,3,3
"SABANAGRANDE",4,1.08,0.55,NA,-2.7986,3,3
"SABANAGRANDE",6,0.70,0.52,NA,-2.7986,3,3
"SABANAGRANDE",8,0.65,0.49,NA,-2.7986,3,3
"SABANAGRANDE",9,0.32,0.47,NA,-2.7986,3,3
"SABANAGRANDE",10,0.21,0.46,NA,-2.7986,3,3
"SABANAGRANDE",11,0.55,0.45,NA,-2.7986,3,3
"SABANAGRANDE",12,0.14,0.44,NA,-2.7986,3,3
"SABANAGRANDE",16,1.11,0.39,NA,-2.7986,3,3
"SABANAGRANDE",20,0.32,0.35,NA,-2.7986,3,3
"SABANAGRANDE",21,0.51,0.34,NA,-2.7986,3,3
"SABANAGRANDE",22,0.52,0.33,NA,-2.7986,3,3
"SABANAGRANDE",23,0.62,0.32,NA,-2.7986,3,3
"SABANAGRANDE",24,0.19,0.31,NA,-2.7986,3,3
"SABANAGRANDE",25,0.12,0.30,NA,-2.7986,3,3
"SABANAGRANDE",26,0.28,0.29,NA,-2.7986,3,3
"SABANAGRANDE",27,0.34,0.28,NA,-2.7986,3,3
"SABANAGRANDE",28,0.29,0.28,Joinpoint 1,NA,3,3
"SABANAGRANDE",37,0.59,1.47,NA,20.4291*,3,3
"SABANAGRANDE",38,2.02,1.77,NA,20.4291*,3,3
"SABANAGRANDE",39,4.12,2.14,NA,20.4291*,3,3
"SABANAGRANDE",40,3.68,2.57,Joinpoint 2,NA,3,3
"SABANAGRANDE",41,1.07,1.95,NA,-24.1188*,3,3
"SABANAGRANDE",45,0.96,0.65,NA,-24.1188*,3,3
"SABANAGRANDE",49,0.15,0.21,NA,-24.1188*,3,3
"SABANAGRANDE",51,0.05,0.12,Joinpoint 3,NA,3,3
"SABANAGRANDE",52,0.29,0.13,NA,4.2284,3,3
"SABANAGRANDE",53,0.12,0.13,NA,4.2284,3,3
"SABANAGRANDE",54,0.17,0.14,NA,4.2284,3,3
"SABANAGRANDE",60,0.19,0.18,NA,4.2284,3,3
"SABANAGRANDE",61,0.34,0.19,NA,4.2284,3,3
"SABANAGRANDE",62,0.10,0.19,NA,4.2284,3,3
"SABANAGRANDE",63,0.28,0.20,NA,4.2284,3,3
"SABANAGRANDE",64,0.19,0.21,NA,4.2284,3,3
"SABANAGRANDE",66,0.07,0.23,NA,4.2284,3,3
"SABANAGRANDE",68,0.59,0.25,NA,4.2284,3,3
"SABANAGRANDE",69,0.53,0.26,NA,4.2284,3,3
"SABANAGRANDE",72,0.28,0.29,NA,4.2284,3,3
"SABANAGRANDE",75,0.23,0.33,NA,4.2284,3,3
"SABANAGRANDE",78,0.35,0.38,NA,4.2284,3,3
"SABANALARGA",1,0.08,0.16,NA,18.4037*,1,1
"SABANALARGA",2,0.11,0.19,NA,18.4037*,1,1
"SABANALARGA",3,0.59,0.23,NA,18.4037*,1,1
"SABANALARGA",5,0.28,0.32,NA,18.4037*,1,1
"SABANALARGA",6,0.73,0.38,NA,18.4037*,1,1
"SABANALARGA",7,0.28,0.45,NA,18.4037*,1,1
"SABANALARGA",8,0.91,0.53,NA,18.4037*,1,1
"SABANALARGA",9,0.78,0.63,NA,18.4037*,1,1
"SABANALARGA",10,0.72,0.74,NA,18.4037*,1,1
"SABANALARGA",11,0.95,0.88,NA,18.4037*,1,1
"SABANALARGA",12,1.00,1.04,NA,18.4037*,1,1
"SABANALARGA",13,1.25,1.24,NA,18.4037*,1,1
"SABANALARGA",14,1.51,1.46,NA,18.4037*,1,1
"SABANALARGA",15,1.89,1.73,NA,18.4037*,1,1
"SABANALARGA",16,1.37,2.05,NA,18.4037*,1,1
"SABANALARGA",17,2.73,2.43,Joinpoint 1,NA,1,1
"SABANALARGA",18,3.99,2.35,NA,-3.2062*,1,1
"SABANALARGA",19,3.36,2.28,NA,-3.2062*,1,1
"SABANALARGA",20,3.91,2.20,NA,-3.2062*,1,1
"SABANALARGA",21,2.40,2.13,NA,-3.2062*,1,1
"SABANALARGA",22,2.55,2.06,NA,-3.2062*,1,1
"SABANALARGA",23,1.86,2.00,NA,-3.2062*,1,1
"SABANALARGA",24,2.32,1.93,NA,-3.2062*,1,1
"SABANALARGA",25,1.60,1.87,NA,-3.2062*,1,1
"SABANALARGA",26,1.42,1.81,NA,-3.2062*,1,1
"SABANALARGA",27,0.95,1.75,NA,-3.2062*,1,1
"SABANALARGA",28,0.84,1.70,NA,-3.2062*,1,1
"SABANALARGA",29,0.77,1.64,NA,-3.2062*,1,1
"SABANALARGA",30,0.65,1.59,NA,-3.2062*,1,1
"SABANALARGA",32,0.94,1.49,NA,-3.2062*,1,1
"SABANALARGA",34,1.76,1.40,NA,-3.2062*,1,1
"SABANALARGA",35,1.70,1.35,NA,-3.2062*,1,1
"SABANALARGA",36,1.50,1.31,NA,-3.2062*,1,1
"SABANALARGA",37,3.37,1.27,NA,-3.2062*,1,1
"SABANALARGA",38,1.62,1.23,NA,-3.2062*,1,1
"SABANALARGA",39,2.01,1.19,NA,-3.2062*,1,1
"SABANALARGA",40,1.32,1.15,NA,-3.2062*,1,1
"SABANALARGA",41,0.58,1.11,NA,-3.2062*,1,1
"SABANALARGA",43,0.38,1.04,NA,-3.2062*,1,1
"SABANALARGA",44,1.07,1.01,NA,-3.2062*,1,1
"SABANALARGA",45,0.35,0.98,NA,-3.2062*,1,1
"SABANALARGA",46,0.71,0.94,NA,-3.2062*,1,1
"SABANALARGA",47,1.07,0.91,NA,-3.2062*,1,1
"SABANALARGA",48,0.56,0.88,NA,-3.2062*,1,1
"SABANALARGA",49,0.42,0.86,NA,-3.2062*,1,1
"SABANALARGA",50,1.15,0.83,NA,-3.2062*,1,1
"SABANALARGA",51,0.72,0.80,NA,-3.2062*,1,1
"SABANALARGA",52,0.67,0.78,NA,-3.2062*,1,1
"SABANALARGA",53,0.99,0.75,NA,-3.2062*,1,1
"SABANALARGA",54,0.51,0.73,NA,-3.2062*,1,1
"SABANALARGA",55,0.60,0.70,NA,-3.2062*,1,1
"SABANALARGA",56,1.23,0.68,NA,-3.2062*,1,1
"SABANALARGA",57,0.90,0.66,NA,-3.2062*,1,1
"SABANALARGA",58,1.24,0.64,NA,-3.2062*,1,1
"SABANALARGA",59,1.94,0.62,NA,-3.2062*,1,1
"SABANALARGA",60,1.57,0.60,NA,-3.2062*,1,1
"SABANALARGA",61,1.67,0.58,NA,-3.2062*,1,1
"SABANALARGA",62,0.91,0.56,NA,-3.2062*,1,1
"SABANALARGA",63,1.08,0.54,NA,-3.2062*,1,1
"SABANALARGA",64,0.57,0.53,NA,-3.2062*,1,1
"SABANALARGA",65,0.47,0.51,NA,-3.2062*,1,1
"SABANALARGA",66,0.37,0.49,NA,-3.2062*,1,1
"SABANALARGA",67,0.37,0.48,NA,-3.2062*,1,1
"SABANALARGA",68,0.32,0.46,NA,-3.2062*,1,1
"SABANALARGA",69,0.97,0.45,NA,-3.2062*,1,1
"SABANALARGA",70,0.32,0.43,NA,-3.2062*,1,1
"SABANALARGA",71,0.43,0.42,NA,-3.2062*,1,1
"SABANALARGA",72,0.10,0.40,NA,-3.2062*,1,1
"SABANALARGA",73,0.29,0.39,NA,-3.2062*,1,1
"SABANALARGA",74,0.35,0.38,NA,-3.2062*,1,1
"SABANALARGA",75,0.25,0.37,NA,-3.2062*,1,1
"SABANALARGA",76,0.48,0.36,NA,-3.2062*,1,1
"SABANALARGA",77,0.19,0.34,NA,-3.2062*,1,1
"SABANALARGA",78,0.38,0.33,NA,-3.2062*,1,1
"SANTA LUCÍA",17,1.57,3.43,NA,-4.7578,0,0
"SANTA LUCÍA",26,0.38,2.21,NA,-4.7578,0,0
"SANTA LUCÍA",27,0.17,2.10,NA,-4.7578,0,0
"SANTA LUCÍA",31,7.06,1.73,NA,-4.7578,0,0
"SANTA LUCÍA",32,8.01,1.65,NA,-4.7578,0,0
"SANTA LUCÍA",33,6.14,1.57,NA,-4.7578,0,0
"SANTA LUCÍA",34,10.02,1.50,NA,-4.7578,0,0
"SANTA LUCÍA",35,5.52,1.42,NA,-4.7578,0,0
"SANTA LUCÍA",36,1.22,1.36,NA,-4.7578,0,0
"SANTA LUCÍA",49,0.31,0.72,NA,-4.7578,0,0
"SANTA LUCÍA",50,0.40,0.69,NA,-4.7578,0,0
"SANTA LUCÍA",51,0.10,0.65,NA,-4.7578,0,0
"SANTA LUCÍA",52,0.29,0.62,NA,-4.7578,0,0
"SANTA LUCÍA",53,0.75,0.59,NA,-4.7578,0,0
"SANTA LUCÍA",54,1.76,0.56,NA,-4.7578,0,0
"SANTA LUCÍA",55,0.66,0.54,NA,-4.7578,0,0
"SANTA LUCÍA",56,0.97,0.51,NA,-4.7578,0,0
"SANTA LUCÍA",65,0.10,0.33,NA,-4.7578,0,0
"SANTA LUCÍA",66,0.14,0.31,NA,-4.7578,0,0
"SANTA LUCÍA",70,0.87,0.26,NA,-4.7578,0,0
"SANTO TOMÁS",1,0.47,0.60,NA,-1.9764*,1,1
"SANTO TOMÁS",3,0.92,0.57,NA,-1.9764*,1,1
"SANTO TOMÁS",5,0.88,0.55,NA,-1.9764*,1,1
"SANTO TOMÁS",6,0.76,0.54,NA,-1.9764*,1,1
"SANTO TOMÁS",11,0.20,0.49,NA,-1.9764*,1,1
"SANTO TOMÁS",12,0.15,0.48,NA,-1.9764*,1,1
"SANTO TOMÁS",18,0.68,0.43,NA,-1.9764*,1,1
"SANTO TOMÁS",19,0.69,0.42,NA,-1.9764*,1,1
"SANTO TOMÁS",20,0.69,0.41,NA,-1.9764*,1,1
"SANTO TOMÁS",21,0.55,0.40,NA,-1.9764*,1,1
"SANTO TOMÁS",22,0.28,0.39,NA,-1.9764*,1,1
"SANTO TOMÁS",24,0.41,0.38,NA,-1.9764*,1,1
"SANTO TOMÁS",25,0.13,0.37,NA,-1.9764*,1,1
"SANTO TOMÁS",26,0.10,0.36,NA,-1.9764*,1,1
"SANTO TOMÁS",27,0.09,0.36,NA,-1.9764*,1,1
"SANTO TOMÁS",28,0.32,0.35,NA,-1.9764*,1,1
"SANTO TOMÁS",29,0.39,0.34,NA,-1.9764*,1,1
"SANTO TOMÁS",30,1.00,0.33,NA,-1.9764*,1,1
"SANTO TOMÁS",34,1.34,0.31,NA,-1.9764*,1,1
"SANTO TOMÁS",37,1.28,0.29,NA,-1.9764*,1,1
"SANTO TOMÁS",39,0.28,0.28,NA,-1.9764*,1,1
"SANTO TOMÁS",40,0.88,0.27,NA,-1.9764*,1,1
"SANTO TOMÁS",48,0.12,0.23,NA,-1.9764*,1,1
"SANTO TOMÁS",49,0.08,0.23,NA,-1.9764*,1,1
"SANTO TOMÁS",50,0.07,0.22,NA,-1.9764*,1,1
"SANTO TOMÁS",51,0.22,0.22,NA,-1.9764*,1,1
"SANTO TOMÁS",52,0.16,0.22,NA,-1.9764*,1,1
"SANTO TOMÁS",53,0.13,0.21,NA,-1.9764*,1,1
"SANTO TOMÁS",54,0.19,0.21,NA,-1.9764*,1,1
"SANTO TOMÁS",55,0.35,0.20,NA,-1.9764*,1,1
"SANTO TOMÁS",56,1.04,0.20,NA,-1.9764*,1,1
"SANTO TOMÁS",60,0.10,0.18,NA,-1.9764*,1,1
"SANTO TOMÁS",61,0.24,0.18,NA,-1.9764*,1,1
"SANTO TOMÁS",62,0.11,0.18,NA,-1.9764*,1,1
"SANTO TOMÁS",63,0.30,0.17,NA,-1.9764*,1,1
"SANTO TOMÁS",64,0.07,0.17,Joinpoint 1,NA,1,1
"SANTO TOMÁS",65,0.11,0.19,NA,10.7750,1,1
"SANTO TOMÁS",66,0.23,0.21,NA,10.7750,1,1
"SANTO TOMÁS",70,1.85,0.31,NA,10.7750,1,1
"SANTO TOMÁS",71,0.63,0.35,NA,10.7750,1,1
"SANTO TOMÁS",73,0.17,0.43,NA,10.7750,1,1
"SANTO TOMÁS",74,0.26,0.47,NA,10.7750,1,1
"SANTO TOMÁS",75,0.49,0.52,NA,10.7750,1,1
"SANTO TOMÁS",76,0.71,0.58,NA,10.7750,1,1
"SANTO TOMÁS",77,1.13,0.64,NA,10.7750,1,1
"SANTO TOMÁS",78,0.37,0.71,NA,10.7750,1,1
"SUAN",6,1.89,1.02,NA,0.8058,0,0
"SUAN",14,0.39,1.09,NA,0.8058,0,0
"SUAN",15,0.77,1.09,NA,0.8058,0,0
"SUAN",19,1.73,1.13,NA,0.8058,0,0
"SUAN",20,1.73,1.14,NA,0.8058,0,0
"SUAN",21,0.69,1.15,NA,0.8058,0,0
"SUAN",22,3.52,1.16,NA,0.8058,0,0
"SUAN",23,0.85,1.17,NA,0.8058,0,0
"SUAN",24,0.51,1.18,NA,0.8058,0,0
"SUAN",25,1.34,1.19,NA,0.8058,0,0
"SUAN",26,0.77,1.20,NA,0.8058,0,0
"SUAN",27,2.10,1.20,NA,0.8058,0,0
"SUAN",28,1.20,1.21,NA,0.8058,0,0
"SUAN",29,0.99,1.22,NA,0.8058,0,0
"SUAN",30,5.00,1.23,NA,0.8058,0,0
"SUAN",50,0.18,1.45,NA,0.8058,0,0
"SUAN",51,0.14,1.46,NA,0.8058,0,0
"SUAN",52,0.39,1.47,NA,0.8058,0,0
"SUAN",53,1.35,1.48,NA,0.8058,0,0
"SUAN",54,5.72,1.50,NA,0.8058,0,0
"SUAN",55,6.29,1.51,NA,0.8058,0,0
"SUAN",56,2.63,1.52,NA,0.8058,0,0
"SUAN",57,5.62,1.53,NA,0.8058,0,0
"SUAN",58,6.52,1.55,NA,0.8058,0,0
"SUAN",59,2.55,1.56,NA,0.8058,0,0
"SUAN",60,2.55,1.57,NA,0.8058,0,0
"SUAN",61,0.92,1.58,NA,0.8058,0,0
"SUAN",62,0.29,1.60,NA,0.8058,0,0
"SUAN",71,3.21,1.71,NA,0.8058,0,0
"SUAN",73,0.43,1.74,NA,0.8058,0,0
"SUAN",74,2.62,1.76,NA,0.8058,0,0
"SUAN",75,1.86,1.77,NA,0.8058,0,0
"SUAN",77,2.86,1.80,NA,0.8058,0,0
"TUBARÁ",7,0.75,0.90,NA,-1.0507,0,0
"TUBARÁ",8,1.82,0.89,NA,-1.0507,0,0
"TUBARÁ",9,1.20,0.88,NA,-1.0507,0,0
"TUBARÁ",10,1.15,0.87,NA,-1.0507,0,0
"TUBARÁ",11,0.34,0.86,NA,-1.0507,0,0
"TUBARÁ",13,0.24,0.85,NA,-1.0507,0,0
"TUBARÁ",14,0.27,0.84,NA,-1.0507,0,0
"TUBARÁ",20,0.59,0.79,NA,-1.0507,0,0
"TUBARÁ",24,0.70,0.75,NA,-1.0507,0,0
"TUBARÁ",27,0.65,0.73,NA,-1.0507,0,0
"TUBARÁ",28,2.76,0.72,NA,-1.0507,0,0
"TUBARÁ",29,0.68,0.72,NA,-1.0507,0,0
"TUBARÁ",32,2.48,0.69,NA,-1.0507,0,0
"TUBARÁ",33,5.70,0.69,NA,-1.0507,0,0
"TUBARÁ",44,2.82,0.61,NA,-1.0507,0,0
"TUBARÁ",48,0.21,0.59,NA,-1.0507,0,0
"TUBARÁ",50,0.38,0.57,NA,-1.0507,0,0
"TUBARÁ",51,0.29,0.57,NA,-1.0507,0,0
"TUBARÁ",52,0.14,0.56,NA,-1.0507,0,0
"TUBARÁ",53,0.24,0.56,NA,-1.0507,0,0
"TUBARÁ",54,0.33,0.55,NA,-1.0507,0,0
"TUBARÁ",55,0.63,0.54,NA,-1.0507,0,0
"TUBARÁ",56,0.92,0.54,NA,-1.0507,0,0
"TUBARÁ",57,0.78,0.53,NA,-1.0507,0,0
"TUBARÁ",59,1.52,0.52,NA,-1.0507,0,0
"TUBARÁ",62,0.20,0.50,NA,-1.0507,0,0
"TUBARÁ",63,0.94,0.50,NA,-1.0507,0,0
"TUBARÁ",64,1.07,0.49,NA,-1.0507,0,0
"TUBARÁ",65,0.10,0.49,NA,-1.0507,0,0
"TUBARÁ",67,0.24,0.48,NA,-1.0507,0,0
"TUBARÁ",69,1.01,0.47,NA,-1.0507,0,0
"TUBARÁ",72,0.54,0.45,NA,-1.0507,0,0
"TUBARÁ",77,0.50,0.43,NA,-1.0507,0,0
"USIACURÍ",1,0.58,1.76,NA,-2.7432*,2,2
"USIACURÍ",6,1.84,1.53,NA,-2.7432*,2,2
"USIACURÍ",7,4.24,1.49,NA,-2.7432*,2,2
"USIACURÍ",8,4.31,1.45,NA,-2.7432*,2,2
"USIACURÍ",11,0.96,1.33,NA,-2.7432*,2,2
"USIACURÍ",12,1.08,1.30,NA,-2.7432*,2,2
"USIACURÍ",13,0.68,1.26,NA,-2.7432*,2,2
"USIACURÍ",15,1.49,1.19,NA,-2.7432*,2,2
"USIACURÍ",20,0.84,1.04,NA,-2.7432*,2,2
"USIACURÍ",22,2.04,0.98,NA,-2.7432*,2,2
"USIACURÍ",25,0.32,0.90,NA,-2.7432*,2,2
"USIACURÍ",28,0.38,0.83,NA,-2.7432*,2,2
"USIACURÍ",36,1.58,0.67,NA,-2.7432*,2,2
"USIACURÍ",52,0.37,0.43,NA,-2.7432*,2,2
"USIACURÍ",53,0.32,0.41,NA,-2.7432*,2,2
"USIACURÍ",57,2.14,0.37,NA,-2.7432*,2,2
"USIACURÍ",59,0.35,0.35,NA,-2.7432*,2,2
"USIACURÍ",63,0.36,0.31,NA,-2.7432*,2,2
"USIACURÍ",64,0.16,0.31,NA,-2.7432*,2,2
"USIACURÍ",65,0.27,0.30,NA,-2.7432*,2,2
"USIACURÍ",66,0.18,0.29,Joinpoint 1,NA,2,2
"USIACURÍ",69,2.72,3.08,NA,119.9957*,2,2
"USIACURÍ",70,5.56,6.77,NA,119.9957*,2,2
"USIACURÍ",71,10.60,14.89,NA,119.9957*,2,2
"USIACURÍ",72,33.27,32.75,Joinpoint 2,NA,2,2
"USIACURÍ",73,25.29,23.38,NA,-28.6171*,2,2
"USIACURÍ",74,14.23,16.69,NA,-28.6171*,2,2
"USIACURÍ",75,16.97,11.91,NA,-28.6171*,2,2
"USIACURÍ",76,20.34,8.50,NA,-28.6171*,2,2
"USIACURÍ",77,7.43,6.07,NA,-28.6171*,2,2
"USIACURÍ",78,1.79,4.33,NA,-28.6171*,2,2
