municipio,Model,# Joinpoints,# Observations,# Parameters,D.F.,SSE,BIC,BIC3,Weight,WBIC
BARANOA,1,0,70,2,68,      58.6850800,      -0.0549241,      -0.0549241,       0.0000000,      -0.0549241
BARANOA,2,1,70,4,66,      42.6062377,      -0.2537234,      -0.1930306,       0.2739852,      -0.2370945
BARANOA,3,2,70,6,64,      28.4976469,      -0.5345170,      -0.4131314,       0.5207177,      -0.4713094
BARANOA,4,3,70,8,62,      23.8286921,      -0.5920625,      -0.4099842,       0.4367651,      -0.5125371
BARANOA,5,4,70,10,60,      20.0986038,      -0.6409170,      -0.3981458,       0.4367651,      -0.5348830
BARANOA,6,5,70,12,58,      18.8765429,      -0.5822617,      -0.2787978,       0.6475035,      -0.3857678
BARANOA,7,6,70,14,56,      17.2182253,      -0.5528278,      -0.1886710,       0.6794401,      -0.3054051
BARANOA,8,7,70,16,54,      14.8302151,      -0.5807440,      -0.1558944,       0.8977987,      -0.1993146
CAMPO DE LA CRUZ,8,7,37,16,21,       6.7417665,      -0.1411179,       0.5420287,       0.8968859,       0.4715866
CAMPO DE LA CRUZ,7,6,37,14,23,       7.7698158,      -0.1943782,       0.3911761,       0.8968859,       0.3307971
CAMPO DE LA CRUZ,6,5,37,12,25,       9.0070970,      -0.2417966,       0.2461653,       0.8284158,       0.1624387
CAMPO DE LA CRUZ,5,4,37,10,27,      10.6146115,      -0.2727627,       0.1176068,       0.8284158,       0.0506256
CAMPO DE LA CRUZ,1,0,37,2,35,      30.3587450,      -0.0026485,      -0.0026485,       0.0000000,      -0.0026485
CAMPO DE LA CRUZ,3,2,37,6,31,      18.6361464,      -0.1002606,       0.0949241,       0.4388057,      -0.0146124
CAMPO DE LA CRUZ,2,1,37,4,33,      28.9729299,       0.1458135,       0.2434059,       0.0456480,       0.1502684
CAMPO DE LA CRUZ,4,3,37,8,29,      12.7515510,      -0.2845260,       0.0082511,       0.6615042,      -0.0908527
CANDELARIA,4,3,22,8,14,       5.3659616,      -0.2869514,       0.1345544,       0.7904297,       0.0462193
CANDELARIA,3,2,22,6,16,       6.1286303,      -0.4350596,      -0.1540557,       0.7904297,      -0.2129458
CANDELARIA,5,4,22,10,12,       4.1547581,      -0.2617689,       0.3002388,       0.8491499,       0.2154598
CANDELARIA,1,0,22,2,20,      12.4291564,      -0.2899936,      -0.2899936,       0.0000000,      -0.2899936
CANDELARIA,2,1,22,4,18,       9.9793191,      -0.2285199,      -0.0880179,       0.1971041,      -0.2008264
GALAPA,1,0,66,2,64,      48.5866903,      -0.1793459,      -0.1793459,       0.0000000,      -0.1793459
GALAPA,2,1,66,4,62,      39.9135867,      -0.2490195,      -0.1855399,       0.1785078,      -0.2376879
GALAPA,3,2,66,6,60,      35.1971324,      -0.2478124,      -0.1208532,       0.4062939,      -0.1962297
GALAPA,4,3,66,8,58,      23.8561005,      -0.5097778,      -0.3193390,       0.5601757,      -0.4030986
GALAPA,5,4,66,10,56,      22.5019251,      -0.4412577,      -0.1873392,       0.4883785,      -0.3172494
GALAPA,6,5,66,12,54,      21.2321902,      -0.3723809,      -0.0549828,       0.4657275,      -0.2245599
GALAPA,7,6,66,14,52,      19.8611271,      -0.3121757,       0.0687020,       0.5351766,      -0.1083388
GALAPA,8,7,66,16,50,      18.5804451,      -0.2518712,       0.1924861,       0.7169055,       0.0666910
JUAN DE ACOSTA,8,7,57,16,41,      13.6101802,      -0.2973416,       0.1991734,       0.7267997,       0.0635254
JUAN DE ACOSTA,7,6,57,14,43,      14.2939419,      -0.3901853,       0.0353990,       0.5186467,      -0.1694574
JUAN DE ACOSTA,6,5,57,12,45,      15.7888665,      -0.4325775,      -0.0779239,       0.5186467,      -0.2486376
JUAN DE ACOSTA,5,4,57,10,47,      20.8976445,      -0.2941076,      -0.0103847,       0.5186467,      -0.1469556
JUAN DE ACOSTA,1,0,57,2,55,      32.2965718,      -0.4262287,      -0.4262287,       0.0000000,      -0.4262287
JUAN DE ACOSTA,3,2,57,6,51,      24.4227148,      -0.4219533,      -0.2800918,       0.5231335,      -0.3477408
JUAN DE ACOSTA,2,1,57,4,53,      29.4921951,      -0.3752027,      -0.3042720,       0.0868320,      -0.3690437
JUAN DE ACOSTA,4,3,57,8,49,      22.5761652,      -0.3587108,      -0.1459186,       0.3135227,      -0.2919956
LURUACO,6,5,41,12,29,       8.0982059,      -0.5350304,      -0.0821557,       0.8253472,      -0.1612516
LURUACO,8,7,41,16,25,       6.5300748,      -0.3879548,       0.2460697,       0.8253472,       0.1353355
LURUACO,7,6,41,14,27,       7.3300400,      -0.4535421,       0.0899075,       0.8253472,      -0.0050075
LURUACO,5,4,41,10,31,      11.3257939,      -0.3807400,      -0.0184403,       0.8144718,      -0.0856571
LURUACO,2,1,41,4,37,      33.1773661,       0.1505955,       0.2411705,       0.1758827,       0.1665261
LURUACO,3,2,41,6,35,      18.3358990,      -0.2612617,      -0.0801118,       0.4431204,      -0.1809905
LURUACO,1,0,41,2,39,      40.2580618,       0.1628881,       0.1628881,       0.0000000,       0.1628881
LURUACO,4,3,41,8,33,      13.7097995,      -0.3708618,      -0.0991370,       0.7700093,      -0.1616311
MALAMBO,1,0,78,2,76,      42.1808028,      -0.5030331,      -0.5030331,       0.0000000,      -0.5030331
MALAMBO,2,1,78,4,74,      28.7104535,      -0.7760266,      -0.7201713,       0.3193479,      -0.7581893
MALAMBO,3,2,78,6,72,      22.5417718,      -0.9062073,      -0.7944968,       0.2706173,      -0.8759765
MALAMBO,4,3,78,8,70,      17.6878377,      -1.0369896,      -0.8694239,       0.5953108,      -0.9372359
MALAMBO,5,4,78,10,68,      13.8742138,      -1.1681244,      -0.9447035,       0.5976433,      -1.0345984
MALAMBO,6,5,78,12,66,      12.5296203,      -1.1583505,      -0.8790743,       0.6012502,      -0.9904356
MALAMBO,7,6,78,14,64,      10.2067733,      -1.2516839,      -0.9165525,       0.9378310,      -0.9373872
MALAMBO,8,7,78,16,62,       8.1339034,      -1.3669840,      -0.9759973,       0.9378310,      -1.0003046
MANATÍ,8,7,44,16,28,      11.0554855,      -0.0051940,       0.5968362,       0.8315535,       0.4954263
MANATÍ,6,5,44,12,32,      13.8865244,      -0.1212190,       0.3088025,       0.8251888,       0.2336300
MANATÍ,5,4,44,10,34,      16.0182288,      -0.1504192,       0.1935981,       0.7742355,       0.1159312
MANATÍ,7,6,44,14,30,      11.5286254,      -0.1352962,       0.3807297,       0.7742355,       0.2642294
MANATÍ,3,2,44,6,38,      31.1795516,       0.1715987,       0.3436073,       0.3995343,       0.2403221
MANATÍ,2,1,44,4,40,      41.3066606,       0.2808514,       0.3668557,       0.1466708,       0.2934657
MANATÍ,1,0,44,2,42,      48.4064764,       0.2674526,       0.2674526,       0.0000000,       0.2674526
MANATÍ,4,3,44,8,36,      20.0175607,      -0.0995452,       0.1584677,       0.8251888,       0.1133642
PALMAR DE VARELA,8,7,38,16,22,      12.7604288,       0.4403779,       1.1104596,       0.9312605,       1.0643985
PALMAR DE VARELA,7,6,38,14,24,      13.9850396,       0.3405653,       0.9149210,       0.9312605,       0.8754401
PALMAR DE VARELA,5,4,38,10,28,      17.4845921,       0.1809934,       0.5638972,       0.7552832,       0.4701942
PALMAR DE VARELA,6,5,38,12,26,      15.6754973,       0.2632241,       0.7418538,       0.9312605,       0.7089531
PALMAR DE VARELA,3,2,38,6,32,      20.8683207,      -0.0249982,       0.1664537,       0.3938552,       0.0504061
PALMAR DE VARELA,2,1,38,4,34,      25.5777169,      -0.0129608,       0.0827651,       0.1937929,       0.0055902
PALMAR DE VARELA,1,0,38,2,36,      31.7259895,       0.0110019,       0.0110019,       0.0000000,       0.0110019
PALMAR DE VARELA,4,3,38,8,30,      19.3687124,       0.0918805,       0.3790583,       0.3938552,       0.2049870
PIOJÓ,1,0,22,2,20,      28.5145628,       0.5403763,       0.5403763,       0.0000000,       0.5403763
PIOJÓ,2,1,22,4,18,      14.2800452,       0.1298284,       0.2703303,       0.4992017,       0.1999672
PIOJÓ,3,2,22,6,16,      12.7824803,       0.3000446,       0.5810485,       0.7375143,       0.5072890
PIOJÓ,4,3,22,8,14,      11.9268934,       0.5117688,       0.9332746,       0.7375143,       0.8226353
PIOJÓ,5,4,22,10,12,       8.8777953,       0.4975301,       1.0595378,       0.8607245,       0.9812639
POLONUEVO,7,6,54,14,40,      17.4779977,      -0.0938602,       0.3493603,       0.8807858,       0.2965221
POLONUEVO,8,7,54,16,38,      16.3173363,      -0.0148347,       0.5022558,       0.8807858,       0.4406113
POLONUEVO,6,5,54,12,42,      25.4548584,       0.1343635,       0.5037139,       0.8807858,       0.4596820
POLONUEVO,5,4,54,10,44,      29.8673999,       0.1464843,       0.4419646,       0.8150894,       0.3873272
POLONUEVO,3,2,54,6,48,      41.0700488,       0.1695155,       0.3172557,       0.2242050,       0.2026396
POLONUEVO,2,1,54,4,50,      49.0406520,       0.1991458,       0.2730159,       0.1499723,       0.2102243
POLONUEVO,1,0,54,2,52,      57.6930056,       0.2138920,       0.2138920,       0.0000000,       0.2138920
POLONUEVO,4,3,54,8,46,      37.6682152,       0.2307932,       0.4524034,       0.6821215,       0.3819583
PONEDERA,1,0,42,2,40,      45.2914343,       0.2534326,       0.2534326,       0.0000000,       0.2534326
PONEDERA,2,1,42,4,38,      25.5089225,      -0.1426728,      -0.0536807,       0.4367826,      -0.1038026
PONEDERA,3,2,42,6,36,      20.2972535,      -0.1932312,      -0.0152470,       0.5787136,      -0.0902293
PONEDERA,4,3,42,8,34,      17.8279549,      -0.1449648,       0.1220116,       0.5188502,      -0.0064441
PONEDERA,5,4,42,10,32,      11.0870747,      -0.4419683,      -0.0859998,       0.7684641,      -0.1684193
PONEDERA,6,5,42,12,30,      10.6198557,      -0.3070386,       0.1379221,       0.9413372,       0.1118194
PONEDERA,7,6,42,14,28,      10.2025868,      -0.1691385,       0.3648144,       0.9413372,       0.3334912
PONEDERA,8,7,42,16,26,       9.8503926,      -0.0262842,       0.5966608,       0.9413372,       0.5601171
PUERTO COLOMBIA,7,6,58,14,44,      14.5707075,      -0.4013229,       0.0187229,       0.9253113,      -0.0126498
PUERTO COLOMBIA,8,7,58,16,42,      13.6905841,      -0.3236125,       0.1664410,       0.9134772,       0.1240402
PUERTO COLOMBIA,6,5,58,12,46,      17.1797327,      -0.3766210,      -0.0265828,       0.9134772,      -0.0568691
PUERTO COLOMBIA,5,4,58,10,48,      17.8169786,      -0.4802148,      -0.2001842,       0.9253113,      -0.2210993
PUERTO COLOMBIA,3,2,58,6,52,      24.4982854,      -0.4417941,      -0.3017788,       0.3757510,      -0.3891832
PUERTO COLOMBIA,2,1,58,4,54,      38.0838178,      -0.1406230,      -0.0706154,       0.1993635,      -0.1266660
PUERTO COLOMBIA,1,0,58,2,56,      47.5669297,      -0.0582900,      -0.0582900,       0.0000000,      -0.0582900
PUERTO COLOMBIA,4,3,58,8,50,      19.3984241,      -0.5351901,      -0.3251672,       0.9253113,      -0.3408535
REPELÓN,1,0,27,2,25,      33.3188664,       0.4544230,       0.4544230,       0.0000000,       0.4544230
REPELÓN,2,1,27,4,23,      20.1297319,       0.1946332,       0.3167012,       0.3958458,       0.2429533
REPELÓN,3,2,27,6,21,       7.3023498,      -0.5752325,      -0.3310964,       0.8389716,      -0.3704093
REPELÓN,4,3,27,8,19,       5.6226131,      -0.5924961,      -0.2262920,       0.7939054,      -0.3017647
REPELÓN,5,4,27,10,17,       4.4159486,      -0.5899339,      -0.1016617,       0.6800325,      -0.2578930
REPELÓN,6,5,27,12,15,       3.6446736,      -0.5377537,       0.0725865,       0.9251457,       0.0268999
SABANAGRANDE,6,5,40,12,28,      11.2885572,      -0.1584260,       0.3026839,       0.8674315,       0.2415552
SABANAGRANDE,8,7,40,16,24,       9.8876428,       0.0779581,       0.7235120,       0.7086046,       0.5354006
SABANAGRANDE,7,6,40,14,26,      10.3379817,      -0.0619470,       0.4913849,       0.8674315,       0.4180305
SABANAGRANDE,5,4,40,10,30,      12.1230511,      -0.2715509,       0.0973370,       0.8674315,       0.0484341
SABANAGRANDE,3,2,40,6,34,      21.3381172,      -0.0750525,       0.1093915,       0.3994543,      -0.0013756
SABANAGRANDE,2,1,40,4,36,      30.1444933,       0.0860108,       0.1782327,       0.0886449,       0.0941858
SABANAGRANDE,1,0,40,2,38,      33.0765612,      -0.0056106,      -0.0056106,       0.0000000,      -0.0056106
SABANAGRANDE,4,3,40,8,32,      13.0534136,      -0.3820539,      -0.1053879,       0.6765309,      -0.1948808
SABANALARGA,8,7,74,16,58,       8.2818454,      -1.2593906,      -0.8522493,       0.8793649,      -0.9013648
SABANALARGA,7,6,74,14,60,       9.5393376,      -1.2343585,      -0.8853802,       0.8947834,      -0.9220985
SABANALARGA,5,4,74,10,64,      14.2962150,      -1.0624399,      -0.8297877,       0.6669970,      -0.9072616
SABANALARGA,6,5,74,12,62,      10.8049648,      -1.2261029,      -0.9352877,       0.8947834,      -0.9658862
SABANALARGA,3,2,74,6,68,      18.7006279,      -1.0265297,      -0.9102037,       0.4098380,      -0.9788549
SABANALARGA,2,1,74,4,70,      20.0907355,      -1.0711541,      -1.0129911,       0.5736052,      -1.0377915
SABANALARGA,1,0,74,2,72,      47.1176876,      -0.3350905,      -0.3350905,       0.0000000,      -0.3350905
SABANALARGA,4,3,74,8,66,      15.7164065,      -1.0840556,      -0.9095665,       0.6770562,      -0.9659166
SANTA LUCÍA,1,0,20,2,18,      31.9065535,       0.7666524,       0.7666524,       0.0000000,       0.7666524
SANTA LUCÍA,2,1,20,4,16,      24.6753221,       0.8092178,       0.9590044,       0.2266378,       0.8431651
SANTA LUCÍA,3,2,20,6,14,      18.0093408,       0.7938780,       1.0934512,       0.8790805,       1.0572269
SANTA LUCÍA,4,3,20,8,12,      11.7256188,       0.6643367,       1.1136966,       0.8790805,       1.0593602
SANTO TOMÁS,8,7,46,16,30,      13.1428968,       0.0789414,       0.6615607,       0.7850663,       0.5363362
SANTO TOMÁS,7,6,46,14,32,      15.3271450,       0.0662227,       0.5656107,       0.7510665,       0.4412963
SANTO TOMÁS,6,5,46,12,34,      17.1990945,       0.0149914,       0.4311480,       0.8472888,       0.3675962
SANTO TOMÁS,5,4,46,10,36,      19.4788637,      -0.0269981,       0.3059273,       0.8100253,       0.2426799
SANTO TOMÁS,2,1,46,4,42,      28.8956113,      -0.1320263,      -0.0487950,       0.1880265,      -0.1163766
SANTO TOMÁS,3,2,46,6,40,      27.4611911,      -0.0164796,       0.1499831,       0.2513958,       0.0253684
SANTO TOMÁS,1,0,46,2,44,      35.5868914,      -0.0902014,      -0.0902014,       0.0000000,      -0.0902014
SANTO TOMÁS,4,3,46,8,38,      21.4828705,      -0.0955348,       0.1541592,       0.6865569,       0.0758943
SOLEDAD,2,1,78,4,74,      11.4687192,      -1.6936646,      -1.6378094,       0.3238294,      -1.6755770
SOLEDAD,4,3,78,8,70,       9.0479515,      -1.7073285,      -1.5397628,       0.8067840,      -1.5721392
SOLEDAD,3,2,78,6,72,      10.6953984,      -1.6517638,      -1.5400533,       0.2512774,      -1.6236935
SOLEDAD,1,0,78,2,76,      16.9612806,      -1.4140652,      -1.4140652,       0.0000000,      -1.4140652
SOLEDAD,5,4,78,10,68,       7.4470405,      -1.7903397,      -1.5669187,       0.9426857,      -1.5797240
SOLEDAD,6,5,78,12,66,       5.8494820,      -1.9200928,      -1.6408166,       0.9449184,      -1.6561996
SUAN,1,0,33,2,31,      32.7064055,       0.2029729,       0.2029729,       0.0000000,       0.2029729
SUAN,2,1,33,4,29,      32.2409046,       0.4005475,       0.5065023,       0.0142327,       0.4020555
SUAN,3,2,33,6,27,      21.0080691,       0.1841277,       0.3960372,       0.3840157,       0.2655043
SUAN,4,3,33,8,25,      16.1317585,       0.1319205,       0.4497849,       0.7470968,       0.3693960
SUAN,5,4,33,10,23,      12.5965636,       0.0964642,       0.5202833,       0.9701180,       0.5076188
SUAN,6,5,33,12,21,      10.7067694,       0.1458259,       0.6755998,       0.9942770,       0.6725679
SUAN,7,6,33,14,19,       9.7565232,       0.2647954,       0.9005240,       0.9942770,       0.8968858
TUBARÁ,6,5,33,12,21,      11.7744895,       0.2408850,       0.7706589,       0.8170177,       0.6737197
TUBARÁ,7,6,33,14,19,      10.8190905,       0.3681715,       1.0039001,       0.8170177,       0.8875731
TUBARÁ,4,3,33,8,25,      15.5453013,       0.0948891,       0.4127534,       0.5864611,       0.2813041
TUBARÁ,3,2,33,6,27,      20.1216290,       0.1410164,       0.3529259,       0.3862271,       0.2228616
TUBARÁ,2,1,33,4,29,      24.5245125,       0.1269847,       0.2329394,       0.0812809,       0.1355968
TUBARÁ,1,0,33,2,31,      26.6942437,      -0.0001501,      -0.0001501,       0.0000000,      -0.0001501
TUBARÁ,5,4,33,10,23,      13.2366067,       0.1460264,       0.5698455,       0.7171179,       0.4499547
USIACURÍ,1,0,31,2,29,      65.2102898,       0.9651776,       0.9651776,       0.0000000,       0.9651776
USIACURÍ,3,2,31,6,25,      12.8140887,      -0.2187993,       0.0027483,       0.7840278,      -0.0450998
USIACURÍ,4,3,31,8,23,      11.2516260,      -0.1272843,       0.2050370,       0.8821221,       0.1658637
USIACURÍ,5,4,31,10,21,       9.4761161,      -0.0774749,       0.3656203,       0.8707881,       0.3083671
USIACURÍ,6,5,31,12,19,       7.9007567,      -0.0377433,       0.5161256,       0.8821221,       0.4508367
USIACURÍ,2,1,31,4,27,      30.3196413,       0.4209036,       0.5316774,       0.5350482,       0.4801730
