municipio,Model,#Obs,#Param,DF,SSE,MSE,Auto Corr,Segment,Joinpoint,Joinpoint 95% LCL,Joinpoint 95% UCL,Intercept Estimate,Intercept Std Error,Intercept Test Statistic,Intercept P-Value,Slope Estimate,Slope Std Error,Slope Test Statistic,Slope P-Value,SlopeChg Estimate,SlopeChg Std Error,SlopeChg Test Statistic,SlopeChg P-Value,Covar-Int vs Int,Covar-Int vs Slope,Covar-Slope vs Slope,Corr-Int vs Int,Corr-Int vs Slope,Corr-Slope vs Slope
BARANOA,4,70,10,60,20.098604,0.334977,Uncorrelated,0,,,,-2.296081,0.628654,-3.652373,0.000573,0.315750,0.100299,3.148100,0.002634,,,,,0.395206,0.000000,0.701312,1.000000,0.000000,1.000000
BARANOA,4,70,10,60,20.098604,0.334977,Uncorrelated,1,10,6,17,0.812108,0.376541,2.156757,0.035333,0.004931,0.015301,0.322269,0.748449,-0.310819,0.101459,-3.063493,0.003361,0.010060,0.000000,1.050163,1.000000,0.000000,1.000000
BARANOA,4,70,10,60,20.098604,0.334977,Uncorrelated,2,38,14,39,24.396195,33.081674,0.737453,0.463925,-0.615703,0.837444,-0.735217,0.465275,-0.620634,0.837583,-0.740982,0.461801,0.141783,0.000000,0.000331,1.000000,0.000000,1.000000
BARANOA,4,70,10,60,20.098604,0.334977,Uncorrelated,3,41,30,52,-0.627342,1.024775,-0.612176,0.542899,-0.005373,0.018190,-0.295369,0.768804,0.610330,0.837641,0.728630,0.469264,0.000234,0.000000,22.996653,1.000000,0.000000,1.000000
BARANOA,4,70,10,60,20.098604,0.334977,Uncorrelated,4,68,43,76,-11.728968,4.795483,-2.445837,0.017620,0.157887,0.065195,2.421762,0.018709,0.163259,0.067685,2.412049,0.019165,1094.397130,0.000000,0.004250,1.000000,0.000000,1.000000
CAMPO DE LA CRUZ,3,37,8,29,12.751551,0.439709,Uncorrelated,0,,,,1.161091,0.520024,2.232765,0.034390,-0.050404,0.015919,-3.166314,0.003916,,,,,0.270425,0.000000,94.351209,1.000000,0.000000,1.000000
CAMPO DE LA CRUZ,3,37,8,29,12.751551,0.439709,Uncorrelated,1,51,46,53,-31.978609,16.336558,-1.957488,0.061105,0.599394,0.305290,1.963361,0.060384,0.649798,0.305704,2.125577,0.043201,0.000253,0.000000,0.026629,1.000000,0.000000,1.000000
CAMPO DE LA CRUZ,3,37,8,29,12.751551,0.439709,Uncorrelated,2,56,54,59,23.186940,9.713455,2.387095,0.024544,-0.385705,0.163184,-2.363621,0.025853,-0.985099,0.346166,-2.845743,0.008530,266.883128,0.000000,17.913510,1.000000,0.000000,1.000000
CAMPO DE LA CRUZ,3,37,8,29,12.751551,0.439709,Uncorrelated,3,63,58,71,-5.452494,4.232435,-1.288264,0.209001,0.068889,0.058972,1.168165,0.253341,0.454594,0.173513,2.619944,0.014488,0.093202,0.000000,0.003478,1.000000,0.000000,1.000000
CANDELARIA,0,22,2,20,12.429156,0.621458,Uncorrelated,0,,,,0.287416,0.368755,0.779422,0.444857,-0.014716,0.007798,-1.887187,0.073736,,,,,0.135980,-0.002560,0.000061,1.000000,-0.890092,1.000000
GALAPA,3,66,8,58,23.856101,0.411312,Uncorrelated,0,,,,-1.724069,0.436220,-3.952293,0.000223,0.208713,0.057144,3.652389,0.000580,,,,,0.190288,0.000000,0.131286,1.000000,0.000000,1.000000
GALAPA,3,66,8,58,23.856101,0.411312,Uncorrelated,1,13,9,15,5.750368,4.521785,1.271703,0.208830,-0.366243,0.290972,-1.258689,0.213459,-0.574957,0.296530,-1.938947,0.057645,0.003265,0.000000,0.000068,1.000000,0.000000,1.000000
GALAPA,3,66,8,58,23.856101,0.411312,Uncorrelated,2,19,16,28,-1.886033,0.362335,-5.205227,0.000003,0.035672,0.008218,4.340536,0.000061,0.401916,0.291088,1.380736,0.172946,20.446540,0.000000,7.649562,1.000000,0.000000,1.000000
GALAPA,3,66,8,58,23.856101,0.411312,Uncorrelated,3,63,53,68,8.716672,2.765784,3.151610,0.002628,-0.132625,0.038883,-3.410881,0.001220,-0.168297,0.039742,-4.234755,0.000088,0.084665,0.000000,0.001512,1.000000,0.000000,1.000000
JUAN DE ACOSTA,0,57,2,55,32.296572,0.587210,Uncorrelated,0,,,,0.371454,0.201989,1.838978,0.071319,-0.008827,0.004416,-1.998859,0.050575,,,,,0.040800,-0.000771,0.000020,1.000000,-0.864581,1.000000
LURUACO,2,41,6,35,18.335899,0.523883,Uncorrelated,0,,,,-1.284802,0.382150,-3.362032,0.001970,0.045207,0.012374,3.653513,0.000889,,,,,0.146039,0.000000,0.935333,1.000000,0.000000,1.000000
LURUACO,2,41,6,35,18.335899,0.523883,Uncorrelated,1,49,40,50,43.116995,48.842271,0.882780,0.383741,-0.860952,0.967126,-0.890217,0.379794,-0.906159,0.967205,-0.936884,0.355625,0.000153,0.000000,2.414021,1.000000,0.000000,1.000000
LURUACO,2,41,6,35,18.335899,0.523883,Uncorrelated,2,52,50,64,-2.768825,1.553712,-1.782071,0.083942,0.021468,0.023753,0.903810,0.372647,0.882420,0.967418,0.912139,0.368311,2385.567476,0.000000,0.000564,1.000000,0.000000,1.000000
MALAMBO,4,78,10,68,13.874214,0.204033,Uncorrelated,0,,,,-1.923513,0.686454,-2.802099,0.006710,0.609033,0.317767,1.916606,0.059755,,,,,0.471220,0.000000,0.000155,1.000000,0.000000,1.000000
MALAMBO,4,78,10,68,13.874214,0.204033,Uncorrelated,1,4,3,11,0.765843,0.324701,2.358612,0.021409,-0.063306,0.024372,-2.597512,0.011639,-0.672339,0.318700,-2.109630,0.038806,0.100976,0.000000,50.528213,1.000000,0.000000,1.000000
MALAMBO,4,78,10,68,13.874214,0.204033,Uncorrelated,2,21,15,28,-2.250292,0.433197,-5.194620,0.000002,0.080320,0.012464,6.444242,0.000000,0.143625,0.027374,5.246834,0.000002,0.105430,0.000000,0.020195,1.000000,0.000000,1.000000
MALAMBO,4,78,10,68,13.874214,0.204033,Uncorrelated,3,47,44,49,17.216260,7.108320,2.421987,0.018279,-0.333862,0.142110,-2.349328,0.021905,-0.414182,0.142655,-2.903380,0.005060,0.000594,0.000000,0.684770,1.000000,0.000000,1.000000
MALAMBO,4,78,10,68,13.874214,0.204033,Uncorrelated,4,53,51,58,-0.454705,0.827508,-0.549487,0.584584,-0.000448,0.012464,-0.035909,0.971467,0.333414,0.142655,2.337207,0.022569,0.187659,0.000000,0.000155,1.000000,0.000000,1.000000
MANATÍ,3,44,8,36,20.017561,0.556043,Uncorrelated,0,,,,0.709429,0.388088,1.828013,0.076601,-0.017303,0.011539,-1.499486,0.143255,,,,,0.150612,0.000000,4189.797422,1.000000,0.000000,1.000000
MANATÍ,3,44,8,36,20.017561,0.556043,Uncorrelated,1,52,46,57,-16.351343,7.880937,-2.074797,0.045878,0.310789,0.140641,2.209796,0.034167,0.328092,0.141114,2.325013,0.026368,0.000133,0.000000,1.107679,1.000000,0.000000,1.000000
MANATÍ,3,44,8,36,20.017561,0.556043,Uncorrelated,2,60,58,60,81.197996,64.728645,1.254437,0.218496,-1.315034,1.052464,-1.249481,0.220279,-1.625822,1.061819,-1.531167,0.135259,62.109168,0.000000,19.114361,1.000000,0.000000,1.000000
MANATÍ,3,44,8,36,20.017561,0.556043,Uncorrelated,3,63,62,67,-6.894290,4.371997,-1.576920,0.124353,0.083257,0.062258,1.337291,0.190273,1.398290,1.054303,1.326269,0.193857,0.019780,0.000000,0.003876,1.000000,0.000000,1.000000
PALMAR DE VARELA,1,38,4,34,25.577717,0.752286,Uncorrelated,0,,,,0.022108,0.430371,0.051369,0.959341,-0.032969,0.015397,-2.141211,0.039734,,,,,0.185219,0.000000,4.214549,1.000000,0.000000,1.000000
PALMAR DE VARELA,1,38,4,34,25.577717,0.752286,Uncorrelated,1,52,13,74,-4.492760,2.052937,-2.188455,0.035820,0.053856,0.030330,1.775640,0.085016,0.086824,0.034015,2.552550,0.015506,0.000237,0.000000,0.000920,1.000000,0.000000,1.000000
PIOJÓ,1,22,4,18,14.280045,0.793336,Uncorrelated,1,65,40,74,-12.841878,13.049718,-0.984073,0.338879,0.193132,0.174314,1.107956,0.283311,0.239551,0.174831,1.370185,0.188454,0.000181,0.000000,0.030385,1.000000,0.000000,1.000000
PIOJÓ,1,22,4,18,14.280045,0.793336,Uncorrelated,0,,,,2.728958,0.613980,4.444702,0.000355,-0.046419,0.013438,-3.454229,0.003030,,,,,0.376971,0.000000,170.295141,1.000000,0.000000,1.000000
POLONUEVO,2,54,6,48,41.070049,0.855626,Uncorrelated,0,,,,-1.043784,0.904269,-1.154284,0.254345,0.400788,0.222616,1.800357,0.078364,,,,,0.817703,0.000000,0.000056,1.000000,0.000000,1.000000
POLONUEVO,2,54,6,48,41.070049,0.855626,Uncorrelated,1,7,5,47,2.110703,0.294937,7.156447,0.000000,-0.049853,0.007472,-6.672078,0.000000,-0.450641,0.222741,-2.023161,0.048890,0.049558,0.000000,149.146622,1.000000,0.000000,1.000000
POLONUEVO,2,54,6,48,41.070049,0.855626,Uncorrelated,2,66,18,73,-10.362160,12.212560,-0.848484,0.400562,0.139129,0.165388,0.841229,0.404572,0.188983,0.165557,1.141496,0.259571,0.086988,0.000000,0.027353,1.000000,0.000000,1.000000
PONEDERA,4,42,10,32,11.087075,0.346471,Uncorrelated,4,65,64,68,-21.492231,3.223664,-6.667020,0.000000,0.298427,0.044639,6.685399,0.000000,1.016101,0.821640,1.236674,0.226481,39.799967,0.000000,0.001993,1.000000,0.000000,1.000000
PONEDERA,4,42,10,32,11.087075,0.346471,Uncorrelated,0,,,,-1.259502,0.466918,-2.697478,0.011698,0.068245,0.025638,2.661821,0.012728,,,,,0.218013,0.000000,0.011605,1.000000,0.000000,1.000000
PONEDERA,4,42,10,32,11.087075,0.346471,Uncorrelated,1,26,20,36,2.757270,0.799181,3.450119,0.001794,-0.086247,0.020204,-4.268861,0.000204,-0.154491,0.032642,-4.732871,0.000058,0.000657,0.000000,2714.277676,1.000000,0.000000,1.000000
PONEDERA,4,42,10,32,11.087075,0.346471,Uncorrelated,2,52,39,59,-11.015102,6.308722,-1.746012,0.091774,0.178607,0.107727,1.657952,0.108491,0.264853,0.109606,2.416423,0.022442,0.638690,0.000000,0.673100,1.000000,0.000000,1.000000
PONEDERA,4,42,10,32,11.087075,0.346471,Uncorrelated,3,62,59,63,44.554342,52.098730,0.855191,0.399704,-0.717675,0.820427,-0.874757,0.389148,-0.896281,0.827469,-1.083159,0.287977,0.000408,0.000000,10.392010,1.000000,0.000000,1.000000
PUERTO COLOMBIA,2,58,6,52,24.498285,0.471121,Uncorrelated,1,50,37,54,-17.666111,8.642076,-2.044198,0.046218,0.336866,0.161452,2.086481,0.042055,0.341117,0.161747,2.108954,0.039979,0.000095,0.000000,2.878241,1.000000,0.000000,1.000000
PUERTO COLOMBIA,2,58,6,52,24.498285,0.471121,Uncorrelated,2,57,54,62,8.791100,1.696538,5.181788,0.000004,-0.127295,0.024960,-5.099938,0.000005,-0.464162,0.163370,-2.841170,0.006487,74.685482,0.000000,0.000623,1.000000,0.000000,1.000000
PUERTO COLOMBIA,2,58,6,52,24.498285,0.471121,Uncorrelated,0,,,,-0.610266,0.243489,-2.506338,0.015497,-0.004251,0.009765,-0.435266,0.665243,,,,,0.059287,0.000000,0.026067,1.000000,0.000000,1.000000
REPELÓN,2,27,6,21,7.302350,0.347731,Uncorrelated,0,,,,-3.446009,0.818657,-4.209345,0.000475,0.145547,0.032000,4.548377,0.000220,,,,,0.670199,0.000000,0.002008,1.000000,0.000000,1.000000
REPELÓN,2,27,6,21,7.302350,0.347731,Uncorrelated,1,32,29,36,7.618384,1.743559,4.369445,0.000330,-0.200215,0.044812,-4.467921,0.000264,-0.345762,0.055064,-6.279247,0.000005,0.001024,0.000000,5.139389,1.000000,0.000000,1.000000
REPELÓN,2,27,6,21,7.302350,0.347731,Uncorrelated,2,51,40,59,-6.053327,2.267022,-2.670167,0.015131,0.067858,0.036053,1.882179,0.075220,0.268073,0.057514,4.660983,0.000170,3.039997,0.000000,0.001300,1.000000,0.000000,1.000000
SABANAGRANDE,3,40,8,32,13.053414,0.407919,Uncorrelated,3,51,45,54,-4.203392,1.353988,-3.104453,0.004230,0.041415,0.020983,1.973712,0.058010,0.317416,0.108331,2.930064,0.006543,0.180724,0.000000,0.000440,1.000000,0.000000,1.000000
SABANAGRANDE,3,40,8,32,13.053414,0.407919,Uncorrelated,2,40,37,41,11.984834,4.795144,2.499369,0.018352,-0.276001,0.106279,-2.596947,0.014619,-0.461892,0.438200,-1.054066,0.300556,261.086463,0.000000,1.833284,1.000000,0.000000,1.000000
SABANAGRANDE,3,40,8,32,13.053414,0.407919,Uncorrelated,0,,,,-0.491144,0.312667,-1.570824,0.127072,-0.028385,0.017743,-1.599759,0.120491,,,,,0.097760,0.000000,22.993410,1.000000,0.000000,1.000000
SABANAGRANDE,3,40,8,32,13.053414,0.407919,Uncorrelated,1,28,16,37,-6.490862,16.158170,-0.401708,0.690844,0.185891,0.425117,0.437270,0.665155,0.214276,0.425487,0.503601,0.618346,0.000315,0.000000,0.011295,1.000000,0.000000,1.000000
SABANALARGA,1,74,4,70,20.090736,0.287011,Uncorrelated,0,,,,-1.984038,0.300206,-6.608929,0.000000,0.168930,0.030223,5.589493,0.000000,,,,,0.090123,0.000000,0.042565,1.000000,0.000000,1.000000
SABANALARGA,1,74,4,70,20.090736,0.287011,Uncorrelated,1,17,14,22,1.441743,0.206312,6.988156,0.000000,-0.032587,0.003983,-8.182064,0.000000,-0.201517,0.030484,-6.610562,0.000000,0.000913,0.000000,0.000016,1.000000,0.000000,1.000000
SANTA LUCÍA,0,20,2,18,31.906554,1.772586,Uncorrelated,0,,,,2.060233,0.959815,2.146491,0.045713,-0.048747,0.020459,-2.382641,0.028421,,,,,0.921244,-0.018668,0.000419,1.000000,-0.950681,1.000000
SANTO TOMÁS,1,46,4,42,28.895611,0.687991,Uncorrelated,0,,,,-0.495232,0.290651,-1.703870,0.095975,-0.019962,0.007494,-2.663830,0.010993,,,,,0.084478,0.000000,20.117774,1.000000,0.000000,1.000000
SANTO TOMÁS,1,46,4,42,28.895611,0.687991,Uncorrelated,1,64,11,76,-8.321952,4.485284,-1.855390,0.070740,0.102331,0.061761,1.656876,0.105179,0.122293,0.062214,1.965670,0.056134,0.000056,0.000000,0.003814,1.000000,0.000000,1.000000
SOLEDAD,1,78,4,74,11.468719,0.154983,Uncorrelated,0,,,,0.193154,0.199841,0.966539,0.336966,-0.063866,0.019502,-3.274783,0.001619,,,,,0.039936,0.000000,0.022871,1.000000,0.000000,1.000000
SOLEDAD,1,78,4,74,11.468719,0.154983,Uncorrelated,1,18,10,29,-1.267929,0.151232,-8.383981,0.000000,0.017305,0.002937,5.892829,0.000000,0.081171,0.019722,4.115703,0.000100,0.000380,0.000000,0.000009,1.000000,0.000000,1.000000
SUAN,0,33,2,31,32.706405,1.055045,Uncorrelated,0,,,,-0.030436,0.410532,-0.074139,0.941376,0.008026,0.008546,0.939146,0.354916,,,,,0.168537,-0.003158,0.000073,1.000000,-0.900168,1.000000
TUBARÁ,0,33,2,31,26.694244,0.861105,Uncorrelated,0,,,,-0.028914,0.352379,-0.082054,0.935131,-0.010562,0.007473,-1.413482,0.167478,,,,,0.124171,-0.002340,0.000056,1.000000,-0.888737,1.000000
USIACURÍ,2,31,6,25,12.814089,0.512564,Uncorrelated,0,,,,0.594131,0.278353,2.134449,0.043688,-0.027815,0.007319,-3.800565,0.000922,,,,,0.077481,0.000000,0.265041,1.000000,0.000000,1.000000
USIACURÍ,2,31,6,25,12.814089,0.512564,Uncorrelated,1,66,63,69,-53.278560,36.039953,-1.478319,0.152888,0.788438,0.514821,1.531478,0.139291,0.816253,0.514873,1.585347,0.126542,0.000054,0.000000,172.751285,1.000000,0.000000,1.000000
USIACURÍ,2,31,6,25,12.814089,0.512564,Uncorrelated,2,72,71,74,27.761024,13.143488,2.112150,0.045742,-0.337112,0.174041,-1.936963,0.065128,-1.125550,0.543444,-2.071142,0.049748,1298.878236,0.000000,0.030290,1.000000,0.000000,1.000000
